1.774453 -0.401077 -4.108627 -2.795686 -2.534266 -2.094676 -1.132421 -1.040226 -1.254386 -0.687097 -0.086291 1.284779 1.523034 
2.329467 -0.983469 -3.745776 -2.419023 -2.365058 -2.431626 -1.240170 -0.903962 -0.881765 -0.634369 0.099299 1.311600 1.661083 
1.993654 -1.201963 -3.992577 -2.490602 -2.478938 -2.646534 -1.356448 -0.923591 -1.026126 -0.180549 0.161220 1.107849 1.760812 
1.621052 -1.058148 -3.453211 -2.583393 -2.439595 -2.535602 -1.567284 -0.822551 -0.519414 0.081502 0.424850 1.084634 2.172623 
1.016637 -1.395050 -3.360458 -2.768426 -2.591428 -2.711015 -1.811559 -0.888117 -0.379744 0.201559 0.184441 0.907281 2.457004 
1.196670 -1.763277 -3.033970 -2.735038 -2.327601 -2.772053 -2.020981 -0.664603 -0.128639 0.415249 0.425920 0.953253 2.407408 
1.567559 -1.876045 -3.007899 -1.871991 -2.290282 -2.878677 -2.594408 -0.403953 -0.074887 0.641361 0.855556 0.828195 2.129834 
1.703886 -2.700031 -2.250070 -1.619280 -2.260102 -3.498931 -2.084985 -0.266471 0.257136 1.046282 1.443576 0.984685 2.150745 
1.220902 -3.017691 -2.132330 -1.473960 -2.919797 -3.575268 -2.108675 0.310831 -0.554435 1.367913 2.099693 1.023916 1.871129 
1.029905 -3.094494 -2.101457 -1.657508 -2.964097 -3.020105 -1.909534 0.339217 -0.381076 1.822720 1.989981 1.335690 2.199397 
0.882849 -3.628383 -1.503057 -2.390717 -3.044545 -2.384614 -1.646821 0.210869 -0.240893 1.575641 1.949337 1.467949 1.773847 
0.484528 -4.039141 -1.188447 -2.186321 -3.418571 -2.355397 -1.360999 -0.005494 -0.303755 1.570057 2.092865 1.396345 1.695010 
-0.136873 -3.741715 -1.203315 -1.987646 -3.416090 -1.823876 -1.384797 0.053923 -0.032491 1.682614 1.857067 1.432333 1.552386 
-0.685800 -3.553323 -1.141366 -2.689543 -2.984351 -2.236501 -0.803022 0.048036 0.089422 1.327728 2.022631 1.575048 1.625662 
-1.137805 -3.522776 -0.737577 -3.054847 -3.266822 -1.986564 -1.058997 0.105729 -0.014148 1.258039 2.272785 1.745939 1.678188 
-1.064353 -3.258508 -0.898108 -2.738385 -3.290203 -2.069197 -1.105711 0.052375 0.235846 1.159678 2.174031 1.726998 1.418582 
-2.555630 -2.306923 -1.100408 -1.697111 -3.103408 -0.753499 -0.055601 -0.220614 -0.352618 0.623200 0.241411 -0.299438 -0.708527 
-2.704504 -2.807861 -1.406851 -2.112362 -2.502270 -1.292480 -0.514955 0.044611 -0.640879 0.070841 0.075754 -0.089942 -0.504539 
-2.287985 -2.682477 -1.188030 -1.290350 -2.740060 -1.794220 -0.159051 0.222811 -0.880166 -0.641940 0.307816 0.002072 0.160669 
-2.593643 -3.192609 -1.345368 -0.246843 -2.361187 -1.977202 -0.998269 -0.275422 -1.395694 -1.169650 0.000736 0.299959 0.693213 
-2.670530 -3.308022 -1.666357 -0.372630 -2.575097 -1.960047 -1.015482 -0.824332 -1.595025 -1.085790 0.090898 0.310377 1.038363 
-3.046991 -3.532318 -1.528260 -0.468139 -2.818369 -2.190602 -1.074962 -0.801970 -1.568086 -1.665514 0.103299 0.614668 1.132133 
-3.327516 -3.388469 -1.464733 -0.460965 -3.448553 -1.969538 -0.937154 -0.593219 -1.565125 -1.706783 0.259519 0.775712 1.395119 
-3.284959 -3.087219 -1.129672 -1.323058 -3.206978 -1.798932 -0.735000 -0.895974 -1.776319 -0.931460 0.285420 0.633989 1.535954 
-3.287543 -2.725045 -1.427451 -1.601851 -3.963397 -1.884096 -1.020008 -1.064262 -1.347835 -1.452341 0.000697 0.759901 1.647924 
-3.269336 -2.510066 -1.159591 -1.947473 -3.913809 -1.279611 -1.283531 -1.021450 -1.260575 -0.663932 0.313600 0.743875 1.677908 
-3.650328 -2.170862 -1.587039 -2.384105 -3.778317 -1.138561 -1.446818 -1.377958 -0.998365 -0.880619 0.020237 0.828865 1.714462 
-3.416632 -1.400967 -2.068215 -3.379155 -3.214236 -1.250038 -1.951598 -1.227680 -0.809052 -0.983176 -0.180387 0.938036 1.736461 
-2.260381 -0.476930 -3.817397 -2.704244 -2.208196 -1.731231 -2.634613 0.280703 -1.291028 -1.556155 0.750689 1.234381 1.104462 
0.059020 -1.206419 -4.637360 -2.058709 -2.061600 -2.894029 -1.716949 -0.118875 -1.967962 -1.214612 0.376585 0.905569 1.297865 
1.530899 -1.945501 -4.604160 -1.571249 -2.722392 -2.525961 -1.341641 -0.755423 -2.139376 -1.170892 0.618452 0.624588 0.939077 
2.678626 -0.704249 -4.708464 -2.001095 -2.595820 -1.942792 -1.023007 -1.414606 -1.592845 -1.474296 -0.155649 0.842656 0.882444 
1.890376 -2.338799 -3.227439 -2.550576 -2.395470 -2.926162 -0.494551 -0.994231 -0.955644 -1.553377 0.339961 0.018538 1.644693 
1.260008 -2.022493 -3.952399 -1.323320 -2.272920 -2.108299 -1.167050 -1.037704 -1.279628 -1.159703 0.494117 0.350262 1.378508 
-0.703924 -1.133723 -4.184036 -1.697155 -2.245941 -2.439982 -0.910601 -1.092811 -2.033259 -1.152984 0.129182 0.108194 1.591829 
-1.672277 -0.174868 -4.293040 -1.597549 -1.604068 -2.084698 -0.718602 -0.874786 -1.897083 -1.152669 0.239284 0.418703 1.633572 
-2.782125 -0.037203 -4.443724 -1.663581 -1.925367 -1.938215 -1.203757 -0.768385 -2.255207 -1.446451 0.277742 0.156477 1.500484 
-2.481626 -0.239450 -3.839147 -1.774914 -1.632804 -1.873529 -1.015263 -0.132634 -2.176417 -1.310377 0.406409 0.394038 1.682253 
-2.165357 -0.304715 -3.976628 -1.581541 -1.697150 -1.823549 -1.009829 -0.134748 -2.016930 -1.406185 0.397452 0.576273 1.534035 
-2.018980 -0.523413 -4.149944 -1.475321 -1.878351 -1.894041 -1.157605 -0.258479 -1.970221 -1.500995 0.269912 0.645000 1.556831 
-1.250112 -0.420566 -4.687143 -1.231214 -1.884552 -2.023447 -1.197100 -0.127036 -1.817938 -1.504510 0.156784 0.974174 1.575797 
-0.829424 -1.093899 -4.836985 -1.241999 -2.229253 -2.433821 -1.233002 -0.534719 -2.028636 -1.602196 -0.028869 0.775812 1.345076 
0.062384 -0.976713 -4.663282 -1.160882 -2.621944 -1.909285 -1.229623 -0.556856 -1.308740 -1.336926 0.428843 1.014939 1.588007 
1.138384 -0.995241 -4.647073 -0.941876 -2.663454 -2.221632 -1.164010 -0.473850 -1.300974 -0.870412 0.147421 1.251255 1.503165 
0.983435 -1.372023 -4.513200 -0.922458 -2.953215 -2.268232 -1.468986 -0.491581 -1.173854 -0.624591 0.500130 1.106273 1.462764 
0.719880 -1.160672 -3.989500 -0.974596 -3.208756 -2.171026 -1.537462 -0.344673 -0.786703 -0.214197 0.420027 1.373377 1.799445 
0.160624 -1.432880 -3.897981 -1.258674 -3.466257 -2.482924 -1.915205 -0.531374 -0.966079 0.032405 0.270934 1.041949 1.818264 
-0.322062 -2.046584 -3.294505 -1.605970 -2.615322 -3.424267 -1.597966 -0.397926 -0.564100 0.324756 0.555141 0.984569 1.938435 
-2.410336 -1.646688 -3.828392 -1.275697 -2.604110 -3.557319 -1.973438 -0.058582 -0.579697 0.483003 0.412034 1.029130 1.929864 
-2.744094 -2.041143 -3.019110 -1.109204 -2.507226 -3.626633 -2.293200 0.232921 -0.463327 0.696322 1.234625 0.923051 1.758004 
-3.555290 -1.800679 -2.469617 -1.710945 -2.293612 -3.157262 -2.889312 0.687097 -0.404519 0.586541 1.804133 1.265978 1.261262 
-4.285870 -1.860263 -1.556871 -2.528867 -2.406091 -2.469373 -3.011485 0.785583 -0.324819 0.681572 1.809329 1.679835 1.054857 
-4.596982 -1.792972 -1.201804 -2.443012 -2.466380 -2.324574 -2.593227 0.300645 -0.166239 1.254138 1.597547 1.872790 1.266293 
-5.167397 -1.989752 -0.402561 -2.711116 -3.104340 -1.615921 -2.469137 0.097748 0.096864 1.195640 1.762194 2.049825 1.245111 
-6.048837 -2.221043 -0.401312 -3.420424 -3.370271 -1.514146 -1.550713 -0.025267 0.132160 1.078894 2.025098 2.045206 1.288653 
-6.489815 -1.900501 -0.120643 -3.497036 -2.947316 -1.333075 -0.995911 0.710905 0.343713 1.188243 2.091740 1.685639 1.028894 
-7.063306 -1.811840 -1.131194 -3.680366 -2.515857 -1.018941 -0.921122 0.976676 0.544916 1.760826 2.148886 1.417366 0.693024 
-7.304107 -2.345951 -0.590666 -3.562084 -2.544560 -0.571755 -0.819337 1.302869 0.957945 2.247195 1.725646 1.045134 0.039225 
-8.303391 -2.666192 -1.026899 -4.159182 -2.485271 -0.407588 -0.959973 0.675016 1.833331 2.136034 1.744646 0.745684 -0.852465 
-7.966204 -2.526820 -0.584698 -3.747091 -2.343908 0.019303 -0.335839 1.434535 1.678935 2.827448 1.470082 0.066371 -1.899661 
-7.837184 -3.369909 -0.490345 -4.165479 -2.603839 -0.085849 -0.388121 2.221751 2.121466 2.521481 1.309643 -0.725689 -2.279341 
-5.695481 -2.162091 -0.720362 -3.726635 -1.766376 -0.057809 0.591314 2.266867 1.979568 2.085505 0.578628 -1.518367 -2.576385 
