4.01921e-11  5.27315e-16  4.83493e-14  1.35245e-20  1.8557e-50  7.44348e-19  5.9409e-13  1.76462e-24  3.86071e-09  2.27793e-16  1.53861e-16  1.73108e-19  3.83517e-22  3.0186e-24  2.18499e-27  1.06258e-11  
1.48688e-11  5.10117e-16  3.15776e-13  8.19253e-20  1.41754e-53  1.65589e-19  7.75524e-12  3.50955e-24  3.96632e-09  2.23532e-16  2.0752e-16  4.6973e-19  1.71593e-22  5.84414e-25  5.80718e-28  1.22417e-11  
1.36453e-11  2.29356e-16  5.8178e-13  2.43499e-19  5.58407e-52  1.926e-19  7.58286e-12  1.33436e-23  4.96691e-09  6.18801e-17  2.07443e-16  8.0371e-18  1.37054e-23  7.10657e-24  1.23742e-26  5.18316e-12  
2.51876e-13  1.08934e-17  6.42383e-13  1.9951e-18  6.63638e-50  3.06221e-20  1.49109e-12  1.41477e-21  1.58976e-09  7.15313e-19  4.45343e-16  5.78694e-17  1.06177e-24  2.11714e-22  1.50155e-26  5.39505e-14  
6.94592e-14  3.0082e-19  3.28794e-14  7.73191e-19  4.67785e-47  4.99289e-20  4.58382e-13  1.94388e-21  8.43811e-10  9.93034e-20  1.45526e-15  1.16068e-15  4.62967e-25  3.52836e-21  3.36641e-25  1.40652e-14  
1.29017e-14  6.79305e-19  2.29776e-13  7.92055e-18  1.83495e-47  1.63489e-20  6.67709e-13  1.23714e-20  5.40117e-10  2.59246e-20  1.91508e-15  1.77605e-15  5.78784e-26  3.18246e-21  2.65506e-25  2.12063e-15  
4.78591e-15  6.30912e-18  9.19043e-13  3.3186e-17  3.10592e-48  4.2345e-21  2.81202e-13  1.65208e-20  1.14288e-10  1.33889e-20  1.0295e-16  1.85149e-16  3.15415e-28  4.83424e-22  1.49708e-25  1.12746e-16  
3.46231e-18  1.36979e-19  6.01543e-12  2.51691e-16  8.9272e-52  9.64411e-24  2.32067e-14  6.99188e-20  3.82683e-12  1.11616e-24  6.54547e-18  2.42098e-17  3.88211e-32  8.08794e-24  1.31491e-28  1.12937e-20  
5.89131e-20  7.46574e-21  1.36798e-11  1.7367e-16  2.0932e-49  2.29658e-25  9.48314e-16  5.94693e-19  2.8433e-13  3.00673e-27  2.29527e-19  2.06665e-18  1.03904e-35  2.06155e-24  1.43624e-28  2.05701e-23  
7.74772e-22  1.41622e-22  1.21296e-11  6.30067e-16  1.75166e-50  4.41646e-27  1.08341e-15  1.21251e-18  1.15222e-13  1.02797e-28  2.39114e-19  6.20488e-19  9.9333e-39  5.50793e-25  3.9942e-30  3.15803e-24  
3.15796e-20  9.78128e-20  5.91999e-10  1.8634e-14  3.96487e-47  7.54915e-25  1.94681e-14  3.114e-17  8.71513e-13  5.49354e-26  3.69769e-17  3.14971e-18  6.17816e-35  4.87931e-24  1.40333e-29  2.80483e-22  
2.04377e-20  8.59158e-20  6.91012e-10  1.98451e-14  2.29614e-45  1.1668e-24  1.30396e-14  8.02321e-17  4.01701e-13  2.12196e-26  5.04876e-17  3.73119e-18  5.32591e-35  8.33705e-24  6.15591e-30  5.38186e-23  
7.39241e-20  3.41729e-18  1.39428e-09  2.11807e-13  3.37464e-40  3.07774e-23  1.68075e-14  3.45962e-15  9.20494e-13  2.83198e-25  5.74566e-16  4.8967e-17  8.98803e-34  1.8948e-21  9.37114e-28  9.84604e-23  
4.20859e-20  1.56406e-18  2.68099e-09  2.89891e-13  3.52553e-38  4.86553e-23  7.42463e-15  1.2856e-13  1.78886e-12  4.30298e-26  3.66014e-15  1.94481e-15  6.08171e-31  5.92951e-20  9.25559e-27  5.59956e-24  
1.45015e-21  3.38426e-20  1.55922e-09  7.51252e-14  6.89597e-37  1.87787e-24  3.91969e-16  1.51153e-13  3.21296e-13  3.49512e-28  7.2363e-16  3.02311e-16  3.01503e-32  1.23217e-20  1.254e-27  5.36691e-26  
1.30297e-20  1.23882e-18  3.19627e-09  2.8238e-13  1.1626e-35  2.0554e-23  6.00118e-16  4.37091e-13  6.65062e-13  6.20576e-27  1.12032e-15  9.04368e-16  1.0934e-30  6.77479e-20  7.76961e-27  1.57098e-25  
2.22655e-11  1.41263e-09  1.06904e-15  1.09029e-11  3.09189e-23  1.7802e-10  2.36872e-22  1.61286e-15  1.35136e-13  1.57744e-14  1.85263e-14  7.52957e-17  9.68631e-20  1.0495e-18  5.52043e-17  7.38446e-19  
1.73765e-09  7.98543e-09  1.81223e-14  2.02436e-12  2.11058e-19  8.31851e-09  5.37552e-19  2.80984e-14  1.25661e-11  1.33883e-12  7.30307e-12  1.99683e-13  5.38683e-14  1.15652e-15  2.13856e-13  5.22303e-16  
1.65404e-09  2.0803e-09  3.44771e-14  1.03396e-14  1.51623e-20  1.98211e-09  5.73877e-17  3.24755e-14  6.2084e-11  2.89092e-13  2.94711e-11  1.56203e-12  2.4902e-12  6.68527e-14  4.77814e-14  3.13087e-15  
1.1843e-08  4.29879e-11  2.44065e-14  5.37717e-18  1.61652e-17  1.95497e-09  2.07753e-13  2.9344e-15  1.05184e-09  5.6247e-13  1.28385e-09  1.02446e-10  4.26577e-10  3.95825e-12  1.22992e-11  4.171e-13  
8.86045e-09  1.77681e-12  4.41576e-14  6.21532e-19  9.68317e-19  4.3019e-10  3.44236e-12  8.46404e-16  2.7842e-09  2.79637e-13  2.77694e-09  1.19896e-10  6.10622e-11  4.26756e-12  2.22072e-12  1.19953e-12  
7.01315e-10  5.28942e-14  6.64457e-15  6.9877e-21  1.77552e-18  3.92724e-11  3.08101e-12  3.08407e-16  1.24044e-09  6.08789e-15  3.62975e-09  3.10235e-11  1.24879e-10  4.38362e-12  1.29213e-13  1.55546e-13  
2.47128e-11  2.248e-15  4.89916e-15  1.91055e-21  1.65821e-19  9.58074e-13  1.19059e-12  3.18373e-16  4.40575e-10  9.29751e-17  7.32402e-10  6.79776e-12  1.36135e-12  4.19098e-12  1.34058e-15  6.03205e-15  
1.30194e-10  7.15094e-15  1.05617e-13  1.04871e-19  2.82609e-19  7.69965e-12  1.07031e-12  2.66427e-15  2.10348e-09  1.18734e-16  9.35816e-09  7.72202e-11  3.6084e-12  5.39618e-11  1.06206e-14  1.81715e-14  
2.38775e-11  2.28912e-16  1.7297e-15  1.60283e-21  6.10568e-21  2.39558e-13  1.78817e-13  5.3507e-17  7.96174e-10  1.35436e-17  5.2069e-10  2.81407e-12  2.06887e-13  2.25605e-12  5.52471e-17  5.46493e-15  
1.71592e-11  2.14576e-15  2.16835e-13  3.88857e-19  4.43325e-20  2.2208e-13  2.44039e-13  3.82422e-15  1.55504e-09  1.12705e-17  9.01321e-10  9.65376e-12  5.84633e-15  1.59784e-11  1.4467e-16  2.37917e-15  
2.28172e-11  1.0041e-15  3.33991e-14  8.63517e-20  2.4409e-19  3.1211e-13  2.32368e-13  1.27201e-15  2.15972e-09  3.05713e-17  1.26771e-09  5.28356e-12  1.06456e-14  1.91762e-11  1.92756e-16  1.96657e-15  
2.20781e-11  6.06108e-16  7.53981e-15  4.35835e-20  5.49768e-20  1.25755e-13  5.95698e-14  4.23568e-16  4.6305e-09  1.73352e-17  7.34788e-10  3.18e-12  1.2188e-14  1.28412e-11  4.26391e-16  2.50203e-15  
1.53206e-12  2.53903e-15  1.96896e-14  5.45692e-21  2.44351e-23  5.17446e-16  2.58329e-15  2.32962e-16  9.74307e-10  2.02461e-18  1.13293e-13  1.21853e-14  6.55836e-16  3.91063e-14  1.08608e-16  9.51968e-17  
6.09585e-11  4.1996e-16  1.15965e-14  3.83568e-22  1.04474e-37  7.19206e-17  2.4841e-13  4.54053e-22  4.70881e-09  3.31537e-17  1.63755e-15  1.94503e-15  6.44064e-18  3.60613e-19  8.65942e-20  3.8842e-13  
2.80662e-10  1.55456e-15  2.01228e-14  3.64094e-22  3.84514e-48  2.41154e-17  1.85079e-12  7.09791e-26  1.46191e-09  8.15394e-15  4.36107e-17  4.62261e-19  2.28441e-21  1.44739e-24  1.92429e-24  1.94353e-11  
7.2287e-10  3.96139e-15  2.27601e-16  4.38937e-23  1.39603e-57  3.02198e-18  9.55082e-14  5.52225e-30  3.98142e-10  1.10843e-13  4.96009e-19  8.67958e-24  1.59468e-23  2.01843e-29  5.65471e-30  1.50653e-10  
6.95903e-11  4.63422e-16  1.4581e-16  1.22658e-21  1.88699e-51  1.12771e-16  2.63803e-13  7.95918e-26  4.56949e-10  1.04242e-14  1.50486e-15  2.49269e-19  7.18304e-20  2.29779e-25  4.3041e-26  4.32318e-11  
1.55581e-09  3.594e-14  4.78581e-14  3.04616e-20  7.51663e-44  1.76657e-15  5.85108e-11  4.78215e-23  6.71351e-09  1.30872e-12  6.77806e-15  8.23457e-17  6.49984e-19  4.07595e-22  7.08665e-22  2.7695e-10  
1.10944e-09  4.06323e-16  1.71688e-16  3.14929e-22  3.96503e-34  3.3433e-14  5.1119e-14  2.53461e-22  2.91488e-09  2.8582e-15  3.20591e-14  3.5737e-15  2.80963e-16  3.72665e-18  3.32713e-18  2.12491e-12  
3.35943e-10  2.62206e-15  8.35185e-16  1.61228e-21  4.11241e-29  2.87021e-14  1.00238e-14  1.29601e-19  3.71105e-09  1.46122e-16  5.46193e-14  2.8455e-14  4.94427e-15  2.55577e-15  5.18009e-17  2.00075e-14  
1.5362e-10  4.13232e-16  2.35933e-17  4.45541e-23  1.0343e-24  1.01439e-13  1.2269e-16  2.39061e-20  5.61415e-10  1.72634e-17  1.91352e-14  2.99554e-15  2.05792e-14  7.19975e-15  3.03864e-16  6.77289e-16  
3.96265e-11  8.4564e-16  3.70282e-16  7.52038e-22  1.55518e-24  7.19005e-14  1.2722e-15  1.77343e-18  1.54263e-09  9.00469e-18  3.28726e-13  6.79261e-14  7.2654e-14  2.065e-13  1.30763e-15  1.00329e-15  
7.39817e-11  4.29313e-15  1.36081e-15  1.42547e-21  2.821e-25  5.75687e-14  9.06128e-15  2.64671e-18  2.86884e-09  5.4753e-17  2.95812e-13  6.87304e-14  6.30943e-14  9.61278e-14  7.83299e-16  4.57598e-15  
1.07051e-10  1.88517e-15  8.90703e-16  4.7506e-22  4.70619e-26  3.84532e-14  4.75879e-14  5.68766e-19  4.22438e-09  1.36552e-16  2.89901e-13  8.52735e-14  3.71148e-14  3.2822e-14  6.07397e-16  2.26376e-14  
3.08578e-11  5.91742e-16  1.19342e-15  2.65519e-22  6.89505e-31  6.98851e-16  1.07674e-13  3.11891e-20  3.13292e-09  5.45315e-17  7.3709e-15  1.03764e-14  2.66964e-16  2.22717e-16  3.56122e-18  3.22552e-14  
2.84959e-10  4.52327e-16  2.51768e-16  2.7336e-23  2.20651e-33  2.13413e-15  3.73294e-13  1.46889e-22  4.05146e-09  6.60078e-16  6.107e-15  4.20095e-15  1.60102e-16  5.15977e-18  2.29685e-18  8.12331e-13  
2.96053e-11  9.45363e-16  3.26528e-14  3.07793e-21  1.77838e-38  3.60639e-17  9.21499e-12  3.80246e-21  5.08861e-09  1.3033e-15  1.36629e-15  7.23821e-16  2.85588e-19  2.10343e-19  1.46325e-21  9.95189e-13  
3.09987e-11  1.41041e-15  1.22079e-13  1.93735e-20  2.17245e-45  1.84347e-18  1.09614e-11  1.0271e-22  3.35228e-09  8.47685e-16  7.6282e-17  4.7215e-17  1.59533e-21  4.01724e-22  2.96755e-24  3.04882e-12  
2.2914e-11  2.88733e-15  1.27586e-12  1.76814e-19  7.26359e-44  2.06056e-18  2.64542e-11  2.1908e-21  3.69334e-09  7.87713e-16  1.24199e-16  3.37506e-16  3.5841e-22  2.79521e-21  1.6584e-23  1.09989e-12  
6.96279e-13  1.97364e-16  2.45764e-12  1.78692e-18  1.25234e-42  1.54249e-19  8.91306e-12  1.19267e-19  1.65114e-09  9.2208e-18  2.74588e-16  1.22734e-15  2.09266e-23  2.93322e-20  3.11146e-24  4.24424e-14  
2.99808e-12  1.26619e-16  5.94115e-13  9.51026e-19  6.17212e-39  1.72262e-18  3.77979e-12  1.66908e-19  2.28849e-09  6.04959e-18  1.54907e-15  2.25265e-14  5.25648e-23  1.4221e-18  4.35243e-22  5.52632e-14  
3.42691e-13  1.12139e-16  6.19493e-12  2.87128e-17  5.67103e-36  3.63929e-18  2.91259e-12  1.64905e-16  2.4272e-09  6.41667e-20  5.57468e-14  8.51617e-12  1.98417e-21  3.21597e-16  8.90902e-20  8.99686e-16  
6.6012e-14  5.60974e-17  1.53238e-12  2.73527e-17  1.62468e-26  7.25288e-18  5.89172e-14  4.75929e-14  7.59793e-10  5.68467e-22  3.9523e-14  8.79915e-10  7.34345e-21  2.16679e-12  2.75128e-16  6.00374e-19  
1.25167e-15  5.1681e-17  1.52967e-11  3.43124e-16  3.27093e-24  1.32605e-18  4.40609e-15  6.62106e-12  7.17678e-11  6.30549e-24  2.21559e-14  5.38309e-10  1.24989e-22  7.60747e-12  5.88661e-16  3.88442e-22  
2.81223e-17  9.86351e-17  5.93913e-11  2.25972e-15  8.8866e-20  2.4452e-19  3.1992e-17  6.11375e-10  5.69283e-12  1.55044e-25  8.24658e-15  4.13264e-11  3.09294e-23  1.48625e-11  8.73997e-16  5.77853e-26  
1.87073e-18  6.37931e-17  1.63185e-10  1.17292e-14  1.89096e-17  6.38504e-20  1.03818e-18  6.29859e-09  1.12608e-12  7.29779e-27  2.96915e-14  3.28936e-12  2.05384e-23  8.35317e-12  8.59311e-17  1.22549e-27  
5.23675e-19  2.11058e-17  8.04782e-10  7.38964e-14  9.45088e-18  9.12092e-21  1.94795e-18  1.70861e-08  1.47307e-12  2.57785e-28  1.06958e-13  3.19537e-12  2.59393e-24  7.40554e-12  1.08016e-17  7.32736e-28  
8.85354e-21  1.944e-18  5.6011e-10  6.39016e-14  2.16406e-18  3.74049e-22  5.47267e-20  4.1754e-09  8.89455e-14  2.93323e-30  1.72066e-14  2.85828e-14  2.11492e-26  1.39957e-13  5.69704e-21  2.33011e-30  
5.58706e-22  3.99003e-19  1.01046e-09  1.00412e-13  1.60896e-20  2.90795e-23  1.11474e-20  2.68313e-09  2.65514e-14  8.3132e-32  3.87878e-15  4.08767e-15  1.72373e-27  1.68902e-14  1.70137e-23  6.41338e-33  
1.22583e-22  3.48956e-17  2.25631e-10  2.24318e-12  3.61232e-20  4.14408e-22  3.3711e-23  6.38453e-09  1.95741e-15  3.00363e-32  4.82727e-16  7.58005e-16  1.05467e-28  1.20458e-13  1.22373e-23  8.657e-36  
5.97519e-24  1.74341e-16  5.26388e-11  4.23164e-11  1.15003e-21  1.17327e-22  1.72286e-24  2.02264e-09  2.12718e-16  1.49161e-32  1.50113e-17  1.16518e-17  1.17978e-33  1.3851e-14  2.90473e-24  1.50292e-38  
3.13313e-25  2.15941e-15  3.30533e-13  3.52123e-10  3.77565e-23  6.56002e-22  1.52561e-28  2.06816e-11  8.96164e-19  3.03785e-33  4.28567e-19  9.89017e-21  5.68936e-38  1.0229e-16  3.23376e-26  6.84741e-41  
1.39201e-27  7.69835e-17  2.75076e-16  4.87865e-10  5.87863e-29  3.57693e-23  1.60991e-33  1.3241e-15  9.94312e-22  3.2186e-35  2.09444e-22  5.63152e-25  3.08178e-42  7.35759e-22  2.27445e-31  8.1098e-47  
8.18759e-32  1.4078e-20  1.88613e-23  4.05737e-10  4.35943e-36  6.15162e-25  1.00062e-44  3.13421e-20  8.32992e-28  1.14823e-38  6.99365e-29  4.58963e-33  2.43363e-52  7.88025e-31  2.98932e-35  3.55024e-52  
1.32598e-35  1.57929e-24  2.82821e-29  5.52762e-11  6.30586e-43  2.84547e-26  1.25542e-53  5.62099e-25  4.45658e-33  9.80775e-41  1.63003e-34  1.10123e-38  1.28452e-57  9.63573e-39  3.866e-41  1.86047e-57  
3.72176e-33  7.97848e-25  3.64675e-34  5.02377e-11  2.30524e-44  1.26524e-23  3.39359e-58  2.40707e-27  5.95986e-34  5.05418e-36  4.71561e-36  3.43985e-40  3.47326e-53  1.11131e-43  2.104e-38  1.42917e-52  
