1.20745e-08  2.29788e-14  2.80527e-08  4.92536e-17  1.50127e-15  2.83925e-20  1.75795e-33  1.53279e-17  1.4852e-19  7.60247e-25  5.48561e-42  7.58555e-11  2.52592e-10  3.11456e-30  3.56627e-11  1.21523e-13  
4.09984e-08  5.5978e-14  1.70312e-08  6.25955e-16  2.00563e-14  1.60744e-21  1.34462e-31  4.22246e-15  5.84634e-18  1.11773e-23  1.46071e-39  3.08959e-11  7.5397e-09  3.37297e-29  3.73785e-11  8.80015e-14  
5.31101e-08  1.97033e-13  5.49257e-09  1.17436e-15  9.6702e-14  1.7424e-22  2.53818e-31  2.20756e-14  3.43028e-17  4.0746e-23  7.13166e-38  2.27106e-11  4.79149e-08  8.44149e-29  2.93352e-11  6.9359e-14  
3.78106e-08  5.22144e-12  4.11777e-10  1.92039e-15  2.48705e-12  1.49957e-26  1.72415e-28  3.28498e-13  3.62602e-16  8.91198e-22  9.61224e-35  1.75146e-13  2.81583e-07  1.56366e-27  2.81364e-12  1.41058e-14  
4.0129e-09  9.14843e-12  8.05491e-11  6.63686e-18  2.8509e-13  2.5837e-28  1.03861e-31  1.56639e-12  1.4647e-15  6.44263e-24  1.19083e-36  1.31186e-14  4.43396e-07  2.28403e-28  8.83785e-13  2.10811e-15  
3.8875e-09  1.56434e-11  9.95844e-12  1.55371e-16  2.97475e-12  2.26316e-29  8.01287e-29  1.48311e-11  5.55531e-16  2.98094e-22  2.59532e-33  3.68117e-15  1.55103e-06  7.66328e-27  5.5482e-13  2.52748e-15  
1.20232e-09  5.22394e-12  1.91878e-13  6.30391e-15  1.10069e-11  1.76294e-29  3.19223e-26  2.83538e-11  2.50944e-16  6.52714e-21  7.19138e-30  5.65791e-15  1.39383e-06  1.38111e-25  1.12793e-13  8.03024e-15  
5.92603e-11  2.72156e-13  3.8949e-17  6.60308e-14  5.66102e-11  3.74713e-35  1.00906e-25  1.04177e-12  6.93843e-18  9.4771e-20  7.58407e-28  4.16778e-18  2.99502e-07  5.41462e-25  4.44958e-16  3.29908e-16  
1.52813e-12  1.50021e-14  2.64884e-21  7.05366e-13  2.99974e-11  5.68248e-39  3.77487e-25  1.77537e-14  1.4557e-22  2.8158e-19  5.8277e-28  6.68012e-20  7.22006e-09  8.67104e-26  6.70985e-17  4.76172e-17  
3.6997e-13  6.12795e-15  5.62483e-22  4.71899e-13  7.22621e-11  1.55822e-43  3.61701e-23  7.17839e-15  6.98884e-24  9.74223e-18  1.91091e-26  3.47277e-22  4.87343e-09  6.75232e-25  1.76553e-17  3.57683e-18  
1.21611e-11  4.38137e-14  2.25031e-20  2.63775e-10  1.25574e-09  3.39534e-39  2.42139e-17  6.25651e-12  1.49558e-23  6.38823e-14  1.67487e-22  2.89436e-20  5.7608e-09  3.26152e-22  1.48746e-15  1.9341e-16  
7.44876e-12  1.88525e-14  3.59927e-21  3.34155e-10  6.10468e-10  1.11127e-39  1.93982e-17  9.07316e-12  8.41503e-23  1.3909e-13  1.59151e-22  2.00546e-20  6.51429e-10  2.47644e-22  9.11837e-16  1.9433e-16  
8.39213e-12  2.77205e-13  4.62569e-20  1.42293e-09  4.26398e-09  7.74868e-38  9.78859e-15  2.36752e-11  6.98842e-21  1.80414e-11  1.45025e-19  9.15662e-20  8.28118e-10  5.03595e-20  1.08854e-15  2.15353e-15  
2.81655e-11  2.08533e-12  1.32198e-19  1.50117e-09  1.48213e-08  5.84578e-38  3.29928e-16  9.20951e-12  2.63289e-21  4.11704e-12  8.2583e-21  3.2139e-20  7.25803e-10  1.78934e-20  8.01853e-16  9.8612e-16  
8.01031e-12  8.65095e-13  1.30963e-21  1.36161e-09  6.91058e-09  5.58544e-41  1.35804e-15  5.46829e-12  1.71173e-24  6.89233e-13  7.83627e-22  6.67021e-22  3.21373e-11  1.18628e-21  1.55179e-16  9.05182e-17  
1.72598e-11  4.1206e-12  1.05497e-20  7.25371e-09  3.17299e-08  2.80295e-38  3.92437e-14  2.30305e-11  3.90039e-22  1.07774e-11  4.86621e-20  1.10054e-20  1.84202e-10  3.64383e-20  2.02286e-16  8.66016e-16  
3.97087e-22  1.49919e-16  1.85268e-16  2.68956e-23  1.27972e-13  3.04248e-13  4.25762e-25  7.53707e-22  3.48661e-20  1.09829e-16  1.23572e-22  7.22208e-13  1.5386e-16  2.05154e-15  6.53139e-16  7.48873e-09  
9.26853e-19  2.25713e-14  1.81011e-13  1.86737e-21  1.17211e-13  8.7822e-11  3.87467e-25  7.33515e-18  1.95749e-17  2.39289e-17  3.2711e-25  1.05736e-10  3.07351e-14  3.56788e-17  2.60564e-13  1.44475e-08  
4.8549e-16  5.88278e-13  1.56513e-11  4.40245e-20  2.58734e-14  3.9822e-12  1.34923e-29  2.99479e-15  1.09835e-14  1.92359e-19  2.5409e-31  2.3078e-10  1.82991e-14  2.24149e-21  3.59073e-12  4.4454e-09  
6.1988e-13  1.07872e-12  3.07337e-09  4.61375e-20  3.62319e-17  3.42802e-13  7.72405e-35  1.677e-12  1.12609e-11  5.41369e-24  1.38219e-39  5.90127e-09  8.36368e-15  2.21823e-27  9.27145e-11  2.77731e-10  
1.71337e-11  2.68194e-12  1.32389e-08  3.10985e-19  3.47168e-17  5.71866e-15  8.21147e-35  2.25198e-11  6.5063e-11  2.71248e-24  1.16448e-40  6.99639e-09  3.0624e-14  5.36807e-29  1.69004e-10  5.14033e-11  
3.86329e-12  6.13645e-13  6.74882e-09  2.5605e-20  4.73957e-19  7.89659e-17  3.78213e-38  9.27958e-13  8.48271e-12  4.46966e-27  8.9221e-46  7.32723e-10  1.14442e-15  8.43229e-32  4.14451e-11  2.69452e-12  
4.45225e-12  1.05481e-12  9.81383e-10  4.10524e-20  9.8936e-19  6.56384e-20  8.87799e-38  8.11132e-13  1.72746e-12  2.73752e-27  2.31444e-46  1.17236e-11  1.96018e-16  1.64884e-32  1.10015e-11  3.69352e-13  
9.93698e-11  9.58966e-11  5.23628e-09  1.60139e-18  2.86345e-16  1.5731e-19  1.16757e-34  2.45373e-11  1.52136e-11  2.61766e-25  2.59124e-42  7.45152e-11  3.32188e-14  6.6231e-31  3.69747e-11  1.62133e-12  
1.85053e-11  4.30271e-11  1.9464e-09  2.54871e-20  6.03027e-18  6.7988e-21  6.61784e-37  2.00645e-12  2.87986e-12  1.85879e-27  2.82841e-46  1.05462e-11  1.05301e-14  2.42186e-32  6.96845e-12  1.3869e-13  
6.78383e-10  2.5853e-09  9.41999e-10  8.27863e-17  1.71867e-14  9.49172e-22  5.13178e-29  2.56483e-10  9.37689e-12  6.90919e-23  4.22063e-38  9.40411e-12  6.17217e-13  6.45559e-29  1.02445e-11  9.1737e-13  
7.60207e-10  2.43555e-09  6.06969e-09  9.17957e-18  2.1575e-15  3.51659e-21  3.6542e-30  1.28731e-11  3.10481e-12  5.08671e-24  7.80693e-40  2.04585e-11  4.84234e-13  2.78754e-29  2.21395e-12  4.6599e-13  
1.31776e-09  5.42831e-09  2.0161e-08  1.7664e-18  9.40784e-16  9.18008e-21  4.34822e-31  5.82431e-13  2.41737e-15  2.65769e-25  5.21494e-41  3.15931e-11  1.92379e-12  2.03238e-29  3.05658e-12  2.25417e-13  
1.83599e-11  2.06324e-11  1.13873e-10  8.12384e-17  3.11741e-16  1.76118e-20  3.23816e-29  1.88138e-18  6.32574e-21  6.72226e-25  3.02207e-40  3.41602e-12  1.12477e-13  8.95642e-30  4.09219e-12  2.63685e-13  
1.23756e-10  4.71985e-14  1.54831e-09  1.51355e-18  1.3628e-17  3.64804e-19  1.73075e-37  7.15555e-18  5.05267e-19  8.51714e-28  2.69004e-45  7.23545e-11  4.16229e-12  7.50855e-33  1.2745e-10  1.4308e-13  
3.53137e-11  4.15316e-17  4.50274e-10  5.49966e-18  7.63935e-18  1.502e-17  5.27042e-35  1.42109e-16  2.85162e-20  7.40408e-26  4.30073e-43  6.94097e-10  4.68323e-13  3.81801e-32  2.32763e-10  6.39074e-13  
6.63704e-12  2.63285e-19  1.48851e-08  1.18308e-20  6.67809e-20  1.78524e-15  1.38153e-38  1.45576e-21  1.93125e-22  4.21155e-28  2.8176e-47  5.25448e-09  2.69822e-14  1.37818e-32  6.88772e-12  6.09795e-13  
1.34104e-12  2.5727e-16  2.82484e-09  8.19031e-22  8.89256e-19  1.37544e-18  5.03392e-39  2.15592e-16  9.22413e-21  4.21408e-27  3.07661e-45  1.06897e-10  1.08539e-12  3.52528e-31  7.03561e-11  2.37814e-13  
9.70519e-10  9.67692e-15  3.76342e-08  2.76014e-17  2.19836e-16  2.95016e-17  2.58686e-31  2.67913e-13  1.22165e-15  1.67516e-22  1.00124e-38  4.55119e-09  2.64048e-11  6.30052e-29  7.54458e-10  6.50021e-12  
1.08156e-11  4.54559e-14  2.47656e-08  8.37917e-22  5.95266e-19  1.52758e-17  2.02943e-40  1.16311e-17  7.14077e-17  2.01022e-28  4.80009e-47  1.01588e-09  1.25783e-13  3.9009e-33  7.12181e-11  7.07173e-13  
6.59966e-11  8.87615e-13  1.13283e-07  1.27828e-20  5.56314e-18  3.9696e-18  1.65089e-38  7.32805e-21  9.52756e-16  1.8525e-27  1.90742e-45  4.65564e-10  1.69459e-14  2.81108e-32  9.87087e-12  1.29873e-12  
9.53498e-13  1.76277e-13  1.23229e-08  8.82744e-23  5.12934e-20  1.48011e-17  1.95859e-40  1.16624e-22  1.41069e-18  3.85619e-30  7.78771e-49  3.10185e-10  4.47006e-17  2.9746e-34  1.18097e-12  5.80829e-13  
7.26911e-12  4.1231e-12  1.05756e-08  2.49555e-21  2.36007e-18  5.23579e-19  4.08183e-38  6.17449e-21  6.56427e-18  1.42551e-28  1.75121e-46  2.80128e-11  1.09311e-15  6.15376e-33  8.1625e-12  7.95411e-13  
2.49107e-11  3.2125e-12  2.50888e-08  3.31976e-20  5.66905e-18  2.11613e-18  8.40856e-37  2.23239e-20  5.81186e-17  2.62027e-27  2.47905e-45  7.59171e-11  3.40697e-15  4.23792e-32  1.75965e-11  1.60424e-12  
4.31219e-11  1.75182e-12  4.47797e-08  2.02595e-20  1.87837e-18  1.74244e-18  9.44362e-38  2.1317e-19  2.43374e-16  7.67756e-28  2.01333e-46  1.18046e-10  7.83152e-15  1.24965e-32  3.18267e-11  8.90176e-13  
1.01926e-10  1.39052e-13  2.43986e-08  4.68189e-20  1.63626e-18  1.15042e-19  9.40983e-39  5.65848e-20  1.34576e-16  5.05296e-28  5.29479e-47  2.12803e-11  2.0552e-14  6.84506e-33  2.08715e-11  2.46697e-13  
2.21108e-11  6.22424e-15  2.36273e-08  2.50939e-21  4.6886e-20  7.99393e-18  4.31719e-42  5.14087e-19  6.63505e-17  9.29228e-30  9.98979e-50  3.40096e-10  1.83051e-14  3.16757e-34  6.87042e-11  2.34538e-13  
3.77996e-09  1.08252e-13  2.301e-08  4.96641e-17  2.55295e-16  1.05139e-20  6.24424e-33  1.13971e-15  5.71054e-15  7.89805e-24  1.98723e-41  3.36525e-11  3.60307e-12  2.16424e-30  7.69751e-11  3.69595e-13  
1.13851e-08  1.68325e-14  9.86169e-09  1.52374e-16  1.76611e-15  9.33449e-21  7.51905e-34  1.75039e-15  2.24655e-15  5.67186e-24  7.52219e-41  2.2592e-11  7.42576e-11  7.34334e-30  5.10975e-11  2.60188e-13  
3.54384e-08  1.43853e-13  1.94038e-09  1.50022e-14  7.66584e-14  1.72975e-21  2.2852e-29  4.54468e-13  2.76974e-14  2.62609e-21  2.55181e-36  2.20113e-11  7.91833e-10  3.61508e-28  5.70334e-11  5.04879e-13  
8.17385e-08  4.25646e-12  2.55581e-10  4.94425e-14  2.48934e-12  3.70645e-25  1.04314e-27  5.64421e-12  2.39216e-13  2.01914e-20  1.82429e-34  2.09666e-13  1.52891e-08  4.91114e-27  9.54005e-12  8.01392e-14  
2.96309e-08  2.69386e-11  1.48921e-10  3.95883e-15  7.22425e-13  1.39776e-24  1.79934e-29  3.29378e-11  1.61647e-12  8.82057e-22  2.49233e-35  1.13751e-12  5.61264e-08  1.18971e-27  1.19538e-11  8.25548e-14  
1.63724e-08  6.26403e-10  3.65028e-11  1.88344e-14  1.55256e-11  2.42342e-26  8.05104e-30  1.22995e-11  3.04961e-11  4.65114e-21  3.98858e-33  1.9134e-13  1.61499e-06  1.92576e-26  1.3531e-12  3.51403e-14  
2.32194e-09  6.47337e-09  7.47906e-12  1.83555e-15  8.90499e-12  3.59952e-27  7.38991e-32  4.4901e-14  1.30311e-10  1.06868e-22  7.16472e-34  3.06904e-14  1.05666e-07  1.189e-26  1.65702e-14  1.28001e-14  
2.10366e-10  8.62406e-09  8.04138e-15  1.95143e-13  1.82794e-10  6.81792e-30  4.52023e-27  1.00857e-13  1.3842e-12  2.52084e-20  3.81037e-29  1.2697e-15  2.12739e-08  3.82711e-25  7.21583e-16  1.04683e-14  
8.11124e-12  5.62423e-09  9.06464e-18  8.6061e-12  8.33428e-10  4.67732e-31  7.87285e-22  5.90657e-15  8.83017e-18  5.47564e-19  6.24347e-26  5.88905e-17  4.92318e-10  1.08144e-23  2.40324e-17  9.05535e-15  
8.18864e-13  3.97828e-09  7.25754e-19  3.55495e-11  3.06265e-09  3.05483e-32  2.19642e-18  2.09469e-15  5.62698e-22  4.33933e-18  2.10541e-24  3.39017e-18  1.39941e-11  8.26323e-23  4.51532e-18  3.67469e-15  
3.78125e-12  1.98469e-08  4.26336e-18  2.50494e-10  2.63826e-08  1.48533e-34  5.0948e-17  1.20241e-15  1.15916e-20  1.56241e-16  4.6773e-23  2.7552e-18  2.96828e-11  4.65317e-22  1.80487e-18  1.16504e-15  
5.61218e-13  2.4157e-09  7.14257e-20  2.67136e-10  2.17764e-08  4.77706e-37  5.72516e-15  9.38006e-16  2.29291e-23  3.16499e-16  1.89406e-22  4.36055e-20  9.68485e-14  5.89179e-22  6.44913e-20  2.38469e-16  
6.72809e-13  5.11312e-10  1.50925e-20  4.79295e-10  5.10668e-08  1.00275e-38  6.83257e-14  1.44306e-17  3.80278e-26  1.76746e-15  4.54969e-22  2.96335e-21  6.34195e-16  1.04309e-21  2.81316e-21  6.04592e-17  
2.26208e-15  6.83041e-11  1.42007e-21  1.19592e-11  5.4578e-08  6.42886e-37  1.56144e-14  1.30675e-21  1.11372e-27  5.87932e-15  6.63539e-20  6.31822e-22  3.13863e-18  2.10994e-19  1.09495e-23  9.06168e-16  
9.03112e-18  1.11271e-12  2.12865e-23  1.84123e-12  3.31735e-08  2.86181e-37  3.46358e-12  7.22763e-27  9.3007e-32  3.84687e-13  1.92323e-15  8.88401e-23  1.17003e-19  4.76168e-16  3.19795e-26  1.75051e-15  
4.3319e-24  1.61061e-16  3.50943e-26  4.34084e-17  3.30306e-10  1.61037e-35  1.57621e-14  5.37532e-33  2.5148e-35  5.70429e-14  1.03003e-13  1.77069e-24  2.67687e-23  1.55396e-13  1.20444e-29  6.84249e-15  
6.79849e-30  1.22948e-21  2.4021e-30  4.29273e-23  1.72951e-12  7.60977e-35  2.30524e-15  2.72624e-39  1.41548e-41  3.42096e-17  9.0524e-12  3.43752e-27  2.89752e-28  1.51066e-11  1.73109e-34  9.62742e-16  
1.38896e-46  2.20559e-32  7.39636e-40  9.28249e-38  2.21717e-18  3.11608e-38  7.349e-27  4.52444e-57  4.38034e-54  1.50152e-23  1.56527e-15  1.46191e-34  5.05551e-36  5.33726e-11  1.63186e-41  1.38944e-17  
2.18465e-57  1.62091e-40  1.16421e-47  2.01495e-48  8.8111e-23  9.17285e-40  1.72096e-34  1.23281e-63  3.43148e-66  4.8262e-29  2.84316e-19  4.58934e-42  3.01493e-42  1.11657e-11  6.8804e-47  1.84619e-19  
4.80176e-64  4.79899e-44  2.11122e-48  5.51684e-58  4.0828e-26  4.36318e-34  2.07758e-45  1.75627e-67  4.63433e-70  2.57852e-33  2.41407e-25  1.03963e-42  1.22978e-42  9.91104e-12  3.34998e-44  2.02639e-18  
