0.765425 -1.229863 -0.326843 -1.085477 -3.465377 2.893704 0.737654 -2.979852 -2.358101 -1.288397 0.540159 -2.313946 0.139685 
1.267721 -2.260448 -1.159052 -1.335039 -0.958604 1.846272 0.078760 -2.879060 -2.381445 -0.336322 -0.104385 -1.756243 -0.724216 
0.410584 -1.991964 -1.079022 -1.180212 -1.588731 3.685480 -0.732846 -3.927990 -1.674945 0.580546 -0.092954 -3.231341 0.284294 
0.520390 -2.417924 -0.880920 -1.219390 -0.979414 2.618458 -1.021660 -3.735977 -1.600131 0.496081 -0.514224 -2.854799 0.187847 
1.601872 -2.414351 -1.737406 -0.957780 -0.143818 1.760374 -0.650060 -3.091415 -1.519667 -0.031989 -0.744889 -2.378885 -0.388742 
2.492883 -0.831280 -2.056274 -0.328873 -2.476995 2.089659 -1.920193 -2.738636 -0.751779 -0.310193 0.349996 -2.740937 -0.574461 
4.311047 0.405902 -1.447047 -1.670831 -2.646829 0.585206 -0.778381 -1.419173 -0.756640 -0.928679 -0.530974 -2.109681 -0.446799 
5.122851 0.619279 -1.545484 -1.194204 -2.387911 0.780316 -0.743712 -1.846168 -0.596387 -0.599433 0.096024 -1.625939 -0.883497 
4.648042 1.115038 -0.788737 -1.920661 -1.648763 -0.592043 -0.401961 -0.806914 -0.553691 -0.145679 -0.644025 -1.449318 -1.110582 
4.515445 2.498573 -3.973854 0.066618 -1.275680 -0.703202 -0.707324 -1.961686 -0.537893 -0.055167 0.222446 -2.115871 -1.330389 
3.330392 2.025212 -5.950272 0.578443 -1.535054 1.350839 0.010832 -2.312799 -0.788669 -0.983687 -0.081110 -2.380384 -0.685004 
3.480512 0.063310 -3.274699 -0.826672 -1.460134 2.052191 0.525209 -1.986867 -1.390358 -1.821049 -0.294611 -1.502196 -0.219838 
3.791847 -1.373037 -3.878964 -0.218088 -0.759610 2.046704 -0.189732 -2.300676 -1.292398 -1.648847 0.315393 -1.919685 -0.686390 
4.253042 -1.264683 -3.579497 -0.236470 -1.011481 1.901653 0.119737 -1.787976 -1.214059 -2.202096 0.143370 -1.082633 -0.395138 
3.654834 -1.030734 -2.426433 -0.994423 -0.670946 1.593057 0.730252 -1.483063 -2.146727 -1.831306 -0.088450 -0.994328 -0.599799 
3.630646 -1.409857 -2.363123 -1.259733 -1.093541 1.218842 0.758371 -1.461732 -2.236029 -1.585917 0.110003 -0.878262 -0.895233 
2.946188 -1.958070 -2.234571 -0.856972 -0.546392 0.789126 0.346727 -1.057883 -1.371346 -1.007873 -0.297674 -1.222503 -0.768246 
3.819357 -1.480674 -2.666766 -1.643650 -0.397608 0.776998 0.494151 -0.924988 -1.369231 -0.943727 -0.191747 -0.425520 -0.759833 
4.442582 -1.771581 -3.632692 -0.547682 -0.706034 1.147548 0.145886 -0.939282 -0.457091 -1.168691 -0.252893 -1.023707 -0.268599 
3.031994 -1.926557 -2.030918 -0.651082 -0.029871 -0.249335 -0.200683 0.045876 -0.061463 -0.646664 -0.908537 -0.603029 -0.150366 
2.152751 -3.859866 -3.126227 0.522784 0.349495 -1.105027 -0.656344 0.244709 0.595842 -0.229483 -1.070978 -1.001259 0.266160 
2.410406 -3.032860 -2.317677 -0.127228 0.373282 -0.616869 -0.708047 0.133384 0.485285 -0.242050 -0.886423 -0.639759 -0.071261 
3.171483 -2.961662 -2.218034 0.298265 0.521678 -1.056588 -1.395453 -0.295967 0.497597 -0.199533 -1.182579 -0.882541 -0.099236 
2.770907 -3.511045 -2.266097 0.396412 0.196186 -1.421076 -1.745524 -0.348634 0.672622 -0.506753 -1.440199 -0.962327 0.066937 
3.298687 -2.635975 -2.122044 -0.156067 -0.112345 -1.446508 -1.411165 -0.055864 0.545360 -0.391180 -1.374659 -1.038852 -0.086766 
2.809132 -2.086320 -1.576548 0.044936 0.115367 -1.172920 -1.261820 0.042727 0.937440 0.371870 -0.692304 -0.820243 -0.320436 
3.003309 -3.786057 -2.601504 0.506438 0.184912 -1.992100 -1.919991 -0.019168 1.116726 -0.021864 -1.218799 -0.826346 -0.161115 
2.339767 -2.481100 -1.894209 -0.165294 0.033911 -1.200593 -1.239101 0.007529 0.779208 0.154052 -0.835133 -0.841222 -0.256242 
3.154747 -3.421996 -2.253715 0.717027 0.585409 -1.412656 -1.574749 0.165094 1.305933 0.386271 -0.884674 -0.923017 -0.124501 
3.461863 -2.123760 -1.850565 -0.033310 0.090291 -1.388654 -1.534170 -0.186447 0.811096 0.140312 -0.969598 -1.014479 -0.348710 
3.241849 -1.643860 -1.452960 0.031242 0.211475 -1.045543 -1.348408 -0.428412 0.366139 0.035272 -0.766286 -0.918066 -0.565485 
3.652406 -2.340343 -1.959408 -0.048387 0.057458 -1.393649 -1.466285 -0.211644 0.400428 -0.418891 -1.328662 -1.013694 -0.153994 
3.155597 -1.465322 -1.616424 -0.433117 -0.048273 -0.972986 -1.213762 -0.521806 0.132608 -0.079293 -0.693179 -0.845975 -0.624901 
4.331999 -1.544720 -1.950934 -0.450712 0.179526 -0.643628 -0.868053 -0.115067 0.375818 -0.104774 -0.728147 -0.731121 -0.253126 
3.745102 -1.409680 -1.726362 -0.421245 0.144561 -0.683264 -1.015852 -0.462539 0.094968 -0.105140 -0.627664 -0.646432 -0.382106 
3.904006 -1.717543 -2.030844 -0.389311 0.372584 -0.622046 -1.231826 -0.664680 0.185933 0.177215 -0.555506 -0.862543 -0.644999 
4.039863 -2.108637 -2.045636 -0.051055 0.541579 -0.714395 -1.255587 -0.426444 0.378241 -0.048463 -0.934538 -1.009452 -0.370215 
4.287816 -0.997523 -1.342006 -0.090808 0.354270 -0.547550 -0.828684 -0.229568 0.214577 -0.241950 -0.938800 -0.844859 -0.259237 
4.830563 -1.322150 -2.042896 -0.422188 0.615846 -0.106482 -0.838039 -0.673954 -0.043613 -0.017698 -0.555992 -0.889592 -0.758446 
4.549508 -0.897306 -1.784505 -0.598483 0.436072 -0.070356 -0.708518 -0.654050 -0.126642 0.068608 -0.395555 -0.830659 -0.746608 
5.081632 -1.098393 -1.913166 -0.541048 0.221377 -0.340159 -0.718130 -0.412586 -0.154732 -0.347235 -0.656704 -0.723765 -0.451212 
4.287236 -0.695602 -1.683183 -0.740871 0.377189 0.162935 -0.412858 -0.662659 -0.451942 -0.363559 -0.523649 -0.717823 -0.779271 
4.605453 -1.129005 -1.574649 0.080009 0.824890 -0.443978 -1.323264 -0.847180 0.019553 0.103082 -0.559689 -0.843607 -0.571885 
4.368399 -0.087868 -0.936533 -0.120901 0.678148 0.096334 -0.670917 -0.801429 -0.444175 -0.207413 -0.435344 -0.808768 -0.925221 
4.396563 -0.415474 -1.313282 -0.452224 0.225500 -0.367142 -0.960520 -0.765139 -0.316347 -0.323672 -0.863000 -1.096946 -0.770907 
4.665604 -0.505786 -1.136165 -0.152103 0.236991 -0.635916 -1.063977 -0.704042 -0.241842 -0.351634 -0.892544 -0.959358 -0.569157 
4.498104 0.177255 -0.643472 -0.039762 0.508649 0.105821 -0.476810 -0.690249 -0.380279 -0.314276 -0.708774 -0.899061 -0.693836 
3.277377 -1.694332 -3.055167 -1.763237 -1.391292 1.505980 -2.024030 -2.576310 -1.255450 -0.901220 0.436409 -1.333849 0.454556 
2.119864 -2.051641 -3.012051 -1.104510 -1.041163 3.128862 -2.526236 -3.480045 -1.042968 -1.144343 0.119542 -1.348001 0.553608 
2.350600 -2.450410 -2.606429 -0.193949 0.145561 1.600615 -2.157214 -2.691181 -0.849271 -1.194234 -0.731356 -1.598712 0.098420 
2.869805 -2.336890 -3.075606 -0.280674 0.029824 1.229281 -2.172121 -2.138263 -0.544892 -1.284268 -0.568598 -1.540097 -0.241520 
4.347454 -1.184602 -2.641820 -0.068850 -1.521976 0.232414 -1.853029 -1.517348 -0.085935 -1.353342 -0.152740 -2.027812 -0.701302 
3.957404 -0.669924 -2.099449 -0.641437 -1.732973 -0.467397 -1.978055 -1.458518 -0.216617 -0.754002 -0.253873 -1.985024 -1.184646 
5.200825 -0.669986 -2.429765 0.480881 -2.795115 0.668082 -2.349944 -1.660234 0.595177 -0.781409 0.296499 -2.348801 -1.003890 
5.192860 0.779530 -1.325873 -1.014354 -2.081923 -0.731156 -1.205053 -0.387560 0.259538 -0.768991 -0.495639 -1.856802 -0.967130 
6.166419 0.320262 -1.774004 -0.962707 -2.291586 0.037088 -1.143583 -0.584677 -0.266249 -0.940442 -0.417887 -1.337257 -0.945696 
5.336305 -0.832876 -3.748777 -0.311657 -2.156171 2.122209 -0.047792 -0.495262 -0.592076 -2.647923 -0.553017 -1.079980 -0.117963 
4.337345 -2.056534 -3.327689 -0.343004 -1.401299 2.229454 -0.124715 -1.385496 -1.246296 -1.950409 -0.190289 -1.310592 -0.505332 
3.135932 -1.450524 -2.534090 -1.167062 -1.193396 1.725446 0.836752 -1.255798 -1.927480 -1.782796 0.088444 -1.088909 -0.564889 
2.987968 -1.171482 -1.592202 -1.618329 -2.077191 1.883765 1.488730 -1.142782 -2.810119 -1.916449 0.347998 -1.145782 -0.750145 
2.990075 -1.427837 -1.459583 -0.372409 -1.737657 2.247561 0.685537 -1.704300 -2.355238 -1.517320 0.753468 -1.779191 -0.848123 
2.917948 -1.271670 -1.243985 -1.069758 -1.260020 1.171890 0.700722 -1.209022 -2.342341 -1.361222 -0.024781 -1.372508 -0.852329 
2.939080 -0.993012 -0.873530 -1.009695 -1.255601 0.351433 0.735633 -0.702576 -1.639106 -1.159752 -0.361828 -1.039016 -0.574169 
3.568211 -1.769125 -1.440087 -0.693685 -1.649556 0.185256 0.033500 -0.371703 -1.034889 -1.024388 -0.446141 -1.624790 -0.272456 
3.507862 -1.456492 -1.469894 -0.203415 0.031329 -0.233886 -0.620322 -0.428331 -0.100794 -0.285873 -0.719537 -1.029684 -0.376654 
3.242400 -2.040313 -1.590255 -0.224431 -0.347250 -0.448726 -0.629818 -0.189119 -0.056979 -0.285863 -0.752003 -1.233984 -0.378658 
2.898775 -2.176976 -1.562581 0.185460 0.434706 -0.413692 -0.669460 -0.074462 0.431995 -0.051774 -0.871706 -1.121727 -0.380031 
2.881155 -2.031880 -1.726374 -0.161242 0.094501 -0.751991 -0.850702 -0.117750 0.302264 -0.405012 -1.161171 -1.018046 -0.169584 
3.391587 -2.504916 -2.060596 0.009899 -0.116769 -1.061339 -1.528396 -0.720965 0.151329 -0.406516 -1.336210 -1.335426 -0.337898 
3.691932 -1.079022 -1.460771 -0.428122 0.132052 -0.514074 -0.914279 -0.611089 -0.131806 -0.187044 -0.843038 -1.187135 -0.817639 
3.841554 -1.974813 -1.512416 0.412264 0.429838 -1.071937 -1.576714 -0.738693 0.226893 -0.108477 -1.031749 -1.135242 -0.260431 
3.488156 -1.515072 -1.471346 0.032666 0.434639 -0.593274 -0.883094 -0.117920 0.498302 -0.055678 -0.954862 -0.944105 -0.218554 
3.180294 -1.687135 -1.372477 0.249382 0.473864 -0.798062 -1.147767 -0.359107 0.181784 -0.439798 -1.344264 -1.189285 -0.311013 
3.669531 -1.814383 -1.411277 0.380820 0.460683 -1.092625 -1.456759 -0.337191 0.424076 -0.235049 -1.273639 -1.279264 -0.419223 
3.780346 -1.294553 -1.413621 0.137091 0.712249 -0.531255 -1.381183 -1.033803 -0.272101 -0.217758 -0.764075 -1.031242 -0.704481 
4.409148 -0.768651 -1.088629 -0.034140 0.087556 -0.762939 -0.902167 -0.226221 0.140664 -0.473524 -1.313369 -1.233235 -0.384085 
4.202121 -1.015163 -1.528282 -0.235769 0.447372 -0.416427 -1.051401 -0.802405 -0.158582 -0.199966 -0.815296 -1.056789 -0.673250 
4.130029 -1.366428 -1.618224 -0.093122 0.320602 -0.792381 -1.364210 -0.768816 0.032534 -0.185026 -0.915457 -1.140730 -0.572686 
4.024028 -0.812696 -1.096639 -0.004697 0.201890 -0.984474 -1.353771 -0.541263 0.259604 -0.015883 -0.849134 -1.051523 -0.690543 
4.261629 -0.786184 -1.646048 -0.524204 0.370113 -0.271871 -0.899096 -0.747377 -0.090435 0.093838 -0.491111 -1.031298 -0.940379 
4.812375 -0.902056 -1.515527 -0.091056 0.442344 -0.636204 -1.253855 -0.620382 0.190082 0.130023 -0.694825 -1.048929 -0.688579 
4.513022 -0.420262 -1.505596 -0.820334 -0.029886 -0.282622 -0.557288 -0.489304 -0.268661 -0.394383 -0.710957 -0.779504 -0.571437 
5.101805 -0.624973 -1.820821 -0.643961 -0.160066 -0.725236 -0.926620 -0.584369 -0.067808 -0.146361 -0.983635 -1.284768 -0.695694 
4.356125 -0.782943 -1.747190 -0.805799 0.061960 -0.399412 -0.887558 -0.831740 -0.458616 -0.384154 -0.736019 -0.877055 -0.732043 
5.176607 -0.934095 -1.994580 -0.796294 0.503242 0.167428 -0.857169 -1.325607 -0.669637 0.132267 0.059895 -0.629145 -1.004568 
4.625885 -0.444885 -1.716751 -1.075614 0.014120 -0.030282 -0.313775 -0.358758 -0.040313 0.213859 0.026809 -0.353200 -0.615674 
4.523761 -0.709575 -2.164852 -1.447916 -0.163983 0.001238 -0.397949 -0.598478 -0.211426 0.233959 0.084617 -0.461992 -0.919716 
5.406504 -1.166835 -2.164886 -0.933388 -0.346196 -0.834661 -0.758256 -0.323325 -0.011580 -0.238229 -0.609554 -0.610103 -0.372025 
4.796942 -0.039759 -1.314583 -1.022389 -0.515767 -0.685897 -0.549089 -0.096505 0.232832 -0.045798 -0.623770 -0.834291 -0.633837 
5.113914 -0.681716 -1.850454 -0.070759 0.437904 -1.015746 -1.050742 -0.255283 0.001787 0.176565 -0.215681 -1.018653 -0.668495 
4.651943 -0.043570 -1.083697 -0.586724 -0.109006 -0.670127 -1.021860 -0.724037 -0.109145 0.076414 -0.373771 -0.810482 -0.773168 
5.209817 -0.064704 -1.474683 -0.659581 0.281445 -0.168413 -0.681443 -0.703665 -0.274075 -0.066403 -0.597552 -0.901079 -0.738432 
4.612997 0.093829 -1.193910 -0.810009 -0.037460 -0.174036 -0.572304 -0.802903 -0.579415 -0.340576 -0.442968 -0.599966 -0.658067 
4.499886 -0.202511 -1.243840 -0.610853 0.195415 -0.003641 -0.471139 -0.686313 -0.534492 -0.412210 -0.544046 -0.690209 -0.579887 
5.073871 -0.823276 -1.708150 -0.387461 0.703714 0.291065 -0.409265 -0.601877 -0.532535 -0.394487 -0.502771 -0.815736 -0.967009 
4.442312 -0.317892 -0.998813 -0.187512 0.422261 -0.268392 -0.825621 -0.903210 -0.616648 -0.576861 -0.798387 -0.807359 -0.536720 
4.143561 -0.254485 -2.325768 -1.822541 -1.534904 0.657355 -0.269525 -1.537468 -1.169975 -1.049774 0.169466 -0.226071 0.262672 
4.084277 -1.263871 -3.232283 -2.032197 -1.351743 1.042913 -0.458189 -1.949656 -1.364683 -1.233054 0.256185 -0.650702 -0.445458 
3.515705 -1.698693 -3.160076 -0.585650 -0.495321 1.992795 -0.525164 -2.228806 -0.944256 -1.786181 -0.345220 -1.313620 -0.205796 
3.113095 -2.118262 -2.807385 -0.012505 -0.219560 0.782999 -1.312698 -1.911183 -0.521245 -1.067106 -0.220076 -1.340748 -0.587412 
4.574976 -0.820464 -2.699147 0.486917 -0.888935 1.083897 -1.001286 -1.722577 -0.112718 -1.295628 0.290564 -1.234942 -0.838329 
5.425173 0.654183 -2.022298 -1.207382 -2.457727 -0.608942 -1.225173 -0.911061 0.129473 -1.164007 -0.419376 -1.781571 -1.229572 
5.120424 0.241094 -2.082725 -0.585806 -1.599756 -0.455046 -1.174005 -1.249561 0.003872 -0.957306 -0.499600 -1.512094 -1.402379 
5.801903 0.398836 -2.166124 0.141367 -2.186266 0.037351 -1.453407 -1.312153 0.403099 -0.727943 0.031641 -1.882739 -1.520152 
5.026195 1.007694 -0.968922 -1.169585 -1.411174 -0.971778 -0.852158 -0.813024 -0.093200 -0.282961 -0.532551 -1.115947 -1.264556 
5.700846 2.165305 -3.170178 0.260832 -2.150928 0.094669 -0.751282 -1.683694 0.718321 -1.057057 -0.144041 -0.559749 -1.376717 
3.786550 1.467636 -5.329511 0.357087 -1.171287 1.130448 -0.352500 -1.947393 0.573110 -2.284427 -0.210727 -1.436991 -1.045894 
3.604309 0.149866 -3.323121 -0.712597 -1.253095 2.508748 -0.051789 -2.295339 -0.634518 -1.569804 0.463514 -1.241299 -0.515395 
2.827607 -0.564708 -2.092125 -1.011191 -2.437179 1.896665 1.347169 -2.133389 -1.639500 -1.467215 0.444571 -1.309092 -1.244017 
2.456298 -0.180468 -0.958174 -1.532001 -2.295965 1.707771 1.811929 -1.340662 -2.289228 -1.397712 0.568335 -1.112816 -0.933176 
2.910050 -0.394815 -1.261760 -1.350968 -2.302639 1.697391 1.704473 -1.422833 -2.116095 -1.896584 0.036822 -0.942291 -0.811973 
3.809580 -0.874223 -1.682709 -1.335979 -1.024730 0.303955 0.107606 -0.948762 -1.420245 -1.145703 -0.271274 -0.614721 -0.612243 
1.801181 -1.495233 -1.868281 0.296921 -1.238093 -0.149526 -0.046548 0.096384 -0.388795 -1.557555 -0.380381 -0.826689 -0.538872 
2.803494 -1.992426 -1.529747 -0.228928 -0.589202 -0.395999 0.339353 0.276889 -0.128563 -0.714588 -0.522278 -0.376708 -0.294808 
3.801710 -2.540015 -1.457162 -1.192172 0.174214 -0.614589 0.555693 -0.610880 -0.326290 -0.966178 -0.008537 -0.772910 -0.130139 
3.486437 -1.890959 -2.105714 -0.629376 0.565060 0.417634 -0.090015 -0.339536 -0.055809 -0.223715 -0.478608 -0.735082 -0.366971 
4.064434 -1.429944 -2.258030 -0.746346 0.176121 0.089575 -0.547426 -0.528646 0.025925 -0.390286 -0.473633 -0.662129 -0.540626 
4.744685 -0.372325 -1.753521 -1.307881 -0.315183 0.028787 -0.185493 -0.576886 -0.690982 -0.603971 -0.535681 -0.709688 -0.647404 
4.474686 -0.818767 -1.747004 -0.739327 0.160189 -0.350849 -0.940964 -0.874472 -0.544045 -0.581937 -0.795763 -0.850747 -0.556358 
4.295602 -0.571427 -1.215944 -0.495250 0.061643 -0.310687 -0.472856 -0.273603 -0.023415 -0.190597 -0.727205 -0.905743 -0.501750 
3.914736 -0.668910 -1.391441 -0.741981 -0.258322 -0.479829 -0.390437 -0.053802 -0.152018 -0.842511 -1.246930 -0.851033 -0.097132 
4.451583 -1.713438 -2.168042 -0.424593 0.591276 -0.133105 -0.888409 -0.906958 -0.473999 -0.295763 -0.539184 -0.549777 -0.573140 
4.306710 -0.430406 -1.450253 -0.873640 -0.112644 -0.310681 -0.422532 -0.317152 -0.348634 -0.718890 -0.999691 -0.759074 -0.264629 
4.482037 -1.367952 -1.820512 -0.327913 0.400949 -0.516551 -0.943712 -0.479899 -0.025888 -0.405293 -1.051284 -1.044885 -0.452325 
4.287216 -0.689346 -1.639626 -0.846271 -0.052777 -0.393049 -0.757525 -0.769828 -0.539366 -0.527766 -0.710603 -0.740223 -0.605372 
4.641999 -0.330188 -1.580437 -0.965243 -0.062821 -0.204115 -0.465487 -0.490775 -0.290176 -0.279872 -0.571634 -0.698287 -0.557002 
4.937081 -1.499228 -2.048496 -0.158516 0.579365 -0.783379 -1.215949 -0.526377 -0.010222 -0.246279 -0.637077 -0.893973 -0.567417 
4.056153 -0.841255 -1.507737 -0.607669 -0.011315 -0.558396 -0.861312 -0.435884 0.161084 0.224172 -0.344931 -0.727145 -0.672872 
4.836869 -1.456542 -2.265531 -0.695783 0.043665 -0.800845 -0.676788 0.155545 0.153219 -0.123758 -0.640443 -0.885094 -0.583177 
4.551774 -0.736083 -1.756483 -1.065601 -0.563485 -0.921749 -0.837243 -0.222657 0.052905 -0.401197 -0.938920 -0.948481 -0.458141 
4.395247 -0.906051 -1.864199 -0.915716 -0.115724 -0.554216 -0.882820 -0.569520 -0.077158 -0.114925 -0.669539 -0.932592 -0.682067 
4.777430 -1.406305 -2.254407 -0.516356 0.469563 -0.259538 -0.872268 -0.598686 0.065157 -0.263900 -0.889762 -1.008304 -0.700011 
4.537247 -0.423541 -1.393645 -0.555616 0.227860 -0.251202 -0.749234 -0.667276 -0.348950 -0.277924 -0.604984 -0.708507 -0.615763 
5.247921 -0.593991 -1.385697 -0.716868 0.224576 -0.190002 -0.586839 -0.318650 -0.151199 -0.113034 -0.742497 -1.014604 -0.608993 
4.523439 -0.012378 -1.192757 -0.881829 -0.487084 -0.770603 -0.863362 -0.537779 -0.090221 -0.155284 -0.504494 -0.781385 -0.761347 
4.864996 -0.879397 -1.860388 -0.573947 0.263948 -0.629976 -1.514427 -0.982489 0.060694 0.206203 -0.419881 -1.049965 -1.098641 
4.630153 -0.107899 -1.097932 -0.473546 0.168848 -0.288247 -0.605595 -0.441920 0.110804 0.282701 -0.236956 -0.737228 -0.807997 
4.810579 0.288432 -0.883111 -0.617401 -0.211118 -0.574600 -0.824983 -0.668466 -0.279975 -0.226428 -0.579711 -0.763168 -0.600258 
5.113294 0.009418 -1.079722 -0.690307 -0.387078 -0.945934 -0.865933 -0.165007 0.345083 0.044093 -0.780927 -0.947684 -0.555456 
4.252182 0.001507 -0.755244 -0.474032 -0.521719 -1.287121 -1.293243 -0.416596 0.465620 0.398836 -0.272230 -0.724389 -0.701070 
4.964883 -0.294096 -1.127839 -0.464247 -0.348485 -1.132398 -0.960255 0.048978 0.425783 -0.302408 -1.081059 -1.194557 -0.684191 
4.755943 0.691437 -0.366795 -0.511362 -0.555807 -0.920954 -0.626636 -0.095863 0.015567 -0.605141 -1.244041 -1.067181 -0.340200 
4.705668 -0.208399 -0.776546 0.141197 0.161758 -1.108313 -1.486471 -0.741556 0.130783 -0.027044 -0.693868 -0.789211 -0.504866 
4.607775 0.621120 -0.352394 -0.412983 -0.488979 -1.030100 -0.980844 -0.456369 0.100121 0.084572 -0.510317 -0.873964 -0.740099 
4.328374 -0.404191 -0.746574 -0.146876 -0.368663 -1.385070 -1.495348 -0.499964 0.105781 -0.092181 -0.832941 -1.216076 -0.942205 
5.290598 0.255907 -1.028089 -0.872881 -0.487038 -1.140813 -1.092077 -0.406391 -0.050431 -0.389902 -0.948704 -0.758170 -0.482397 
4.683670 0.157863 -0.724761 -0.313255 -0.298196 -1.332236 -1.669839 -1.006226 -0.226615 -0.058970 -0.319132 -0.652535 -0.733163 
5.084430 0.613506 -0.853930 -0.959463 -0.603210 -0.730862 -0.640267 -0.513248 -0.298359 -0.306814 -0.611766 -0.774817 -0.736740 
1.509312 -0.652994 -0.504393 -2.058624 -2.997678 1.076595 -0.170146 -2.388180 -1.930645 -0.484183 0.560265 -0.999025 0.018386 
1.583476 -0.913861 -1.174576 -1.676828 -1.931803 1.872035 -0.310860 -3.013777 -1.757110 -0.480819 -0.137915 -1.770473 -0.405585 
1.749670 -1.374397 -2.211943 -1.034060 -1.918974 2.664669 -0.869835 -2.755296 -0.943857 -0.946268 -0.236946 -2.269008 -0.285920 
2.561752 -1.874631 -2.989167 -0.146037 -1.755560 1.720888 -1.221303 -2.777317 -0.658548 -1.487667 -0.124223 -2.225992 -0.458866 
2.904530 -0.637577 -3.208246 0.415707 -1.598328 1.556463 -0.955385 -2.502100 -0.518258 -1.047208 0.145808 -2.499985 -0.063620 
4.144844 0.596335 -2.080513 -0.838378 -2.415188 -0.320112 -1.157605 -1.354319 -0.154652 -0.857987 -0.336960 -1.995777 -0.484287 
3.840501 0.664479 -2.689543 -0.670811 -2.556609 -0.336619 -0.880698 -1.845953 -0.489994 -0.396175 -0.805832 -2.784014 0.120659 
3.937624 0.261151 -1.790892 -1.547506 -1.438279 -0.818968 -0.946751 -1.350955 -0.545894 -0.275964 -0.892913 -1.628503 -1.216435 
4.605334 1.553911 -3.641556 -0.108446 -1.937700 -0.968124 -1.018383 -1.789222 0.461215 -0.365864 -1.498115 -1.721487 -0.689149 
5.042140 1.406958 -2.035046 -0.634575 -1.654191 -0.868575 -0.411694 -1.190656 -0.116805 -0.344972 -0.823234 -1.532711 -1.091825 
4.380775 0.729183 -1.949468 -0.734709 -1.239377 -1.427625 -0.778607 -1.320597 -0.276126 0.209991 -0.721419 -1.147554 -1.250933 
2.988178 1.522797 -5.096555 0.217783 -1.670125 0.919039 0.523625 -2.781931 0.299262 -1.052001 -0.712054 -1.469752 -1.241384 
2.323334 -0.388488 -2.114358 -1.258461 -1.790160 1.622330 0.776958 -2.280162 -1.289082 -1.056933 -0.399314 -1.493895 -0.744953 
1.925075 -0.603310 -1.184503 -1.758132 -2.185788 1.551379 1.209917 -2.026364 -1.913336 -0.579290 0.137924 -1.310706 -0.917032 
1.683134 -1.001269 -0.523873 -1.207468 -2.006964 1.060670 1.525566 -1.796798 -2.424959 -0.525933 0.708236 -1.060628 -1.510762 
2.406683 -0.870206 -1.163287 -1.364174 -1.855915 0.947383 1.316003 -1.631823 -2.284307 -0.834465 0.671977 -0.858450 -1.631724 
3.242408 -0.642065 -1.672646 -1.231938 -0.931478 0.183516 0.041571 -1.098039 -1.424503 -1.233590 -0.660228 -1.044264 -0.405355 
3.598379 -0.388325 -1.774609 -1.890462 -1.089963 0.260112 0.183897 -1.051249 -1.240459 -0.732832 -0.302923 -1.029658 -0.929611 
4.045473 -0.405645 -2.027333 -1.755848 -1.274504 0.754246 0.340310 -1.266982 -0.700943 -0.889073 -0.131035 -0.712890 -0.836934 
4.075048 -0.724647 -2.055466 -1.979274 -0.810050 0.174380 0.044396 -0.711852 -0.870997 -0.384037 -0.224261 -0.609457 -0.739103 
3.948735 -1.262065 -2.619368 -1.793862 -0.730660 -0.065343 -0.196555 -0.587126 -0.339363 -0.133471 -0.475753 -0.685980 -0.470220 
4.143008 -1.467611 -2.818425 -1.225486 -0.356043 0.088870 -0.109947 -0.710020 -0.391157 -0.344959 0.016593 -0.377755 -0.537780 
3.611513 -1.441310 -2.601326 -1.738858 -0.185337 0.529908 0.202914 -0.692432 -0.513429 0.096027 -0.027941 -0.503119 -0.730921 
4.181314 -1.096334 -2.496194 -2.058085 -0.519581 0.388442 0.029024 -1.003668 -1.003263 -0.087102 -0.004526 -0.680181 -0.709267 
4.332285 -0.829094 -2.156458 -1.625757 -0.435122 -0.073325 -0.863445 -1.273179 -0.644222 -0.111361 -0.098690 -0.779324 -0.924129 
4.064371 -1.066973 -2.139445 -1.094658 0.092028 -0.204112 -1.019195 -1.139369 -0.366353 0.103964 -0.115812 -0.791636 -1.225346 
4.515038 -1.224910 -2.320920 -1.137927 0.085714 -0.111766 -0.639801 -0.756875 -0.268042 0.074389 -0.222436 -0.612507 -0.749840 
4.469080 -0.940547 -2.248717 -1.388633 -0.035466 0.228195 -0.050281 -0.375842 -0.435889 -0.287626 -0.221608 -0.254863 -0.492234 
4.471094 -1.572763 -2.467852 -0.851238 -0.292118 -0.533476 -0.799500 -0.597013 0.077902 -0.355473 -0.600162 -0.769168 -0.809170 
4.203503 -1.252977 -2.189324 -1.056016 -0.082363 -0.485956 -0.921329 -0.825071 -0.491872 -0.544768 -0.854455 -0.846759 -0.565457 
4.460421 -1.817873 -2.327922 -0.621960 0.407461 -0.115139 -0.781627 -0.581769 -0.161176 -0.393121 -0.907003 -0.847808 -0.469769 
4.185076 -1.310039 -2.171017 -0.899876 0.177945 -0.146320 -0.617836 -0.602451 -0.280483 -0.374730 -0.760229 -0.760139 -0.548401 
4.244302 -1.678492 -2.323844 -0.853935 0.016213 -0.573414 -1.198854 -0.826968 -0.069991 -0.152644 -0.645558 -0.742051 -0.550262 
4.355550 -2.059516 -2.266238 -0.626484 0.050613 -0.652776 -1.176834 -0.659459 -0.008809 -0.284565 -0.182219 -0.805943 -0.575762 
4.559849 -0.270521 -1.607197 -1.265724 -0.396831 -0.276021 -0.295353 -0.271522 -0.155896 -0.283211 -0.534278 -0.668368 -0.550863 
5.294412 -1.437999 -2.381609 -0.836033 0.255047 -0.691983 -0.718787 -0.220103 0.021364 -0.115264 -0.779377 -0.349187 -0.506187 
4.463330 -0.200707 -1.641222 -1.428142 -0.696765 -0.717372 -0.635342 -0.328502 -0.021439 -0.069492 -0.416831 -0.664428 -0.687613 
4.657725 -0.694498 -1.783200 -0.866979 0.110171 -0.243165 -0.727532 -0.693942 -0.258756 -0.139100 -0.451598 -0.699187 -0.719557 
4.873565 -0.671624 -1.860079 -0.973652 0.055809 -0.084550 -0.424915 -0.478523 -0.322196 -0.361275 -0.600835 -0.698191 -0.635029 
4.232406 -0.781699 -1.478989 -0.536208 0.187487 -0.482858 -0.967656 -0.675851 0.073726 0.248154 -0.386981 -0.860144 -0.759706 
4.807671 -1.396168 -1.105729 -0.226111 0.179680 -1.564095 -1.462321 -0.199117 -0.006482 0.315503 -0.901298 -1.141597 -0.803287 
4.020476 -1.057492 -1.595972 -0.523389 0.051928 -0.623840 -1.005702 -0.538382 0.091774 0.032153 -0.609318 -0.916844 -0.618755 
4.856734 -0.845740 -1.543718 -0.374099 0.328394 -0.298456 -1.088829 -1.051909 -0.404408 0.008351 -0.461165 -0.776079 -0.789945 
4.051116 -1.041921 -1.066961 0.389475 0.771061 -0.610348 -1.456931 -1.093095 -0.304691 -0.224472 -0.910778 -1.116439 -0.628847 
3.905030 -1.149844 -0.707644 0.688940 0.583523 -0.902931 -1.588536 -0.623008 0.307332 0.140919 -0.882053 -1.282999 -0.896649 
3.593682 -1.105839 -1.300549 0.086428 0.717141 -0.455483 -1.312159 -0.991213 0.009461 0.313134 -0.349385 -0.978488 -1.025059 
4.124662 -0.985435 -0.938454 0.415189 0.404155 -1.338348 -1.965161 -1.020910 0.217113 0.292746 -0.637644 -1.117295 -0.790934 
3.942909 -0.517841 -0.799286 0.301573 0.634531 -0.508092 -1.182675 -0.748896 0.139283 0.319771 -0.302350 -0.935441 -0.931152 
