1 1
2 2
3 3
4 4
5 5
6 6
7 7
8 8
9 9
10 10
10 11
11 12
12 13
13 14
14 15
15 16
15 17
16 18
16 19
17 20
17 21
18 22
18 23
19 24
19 25
20 26
20 27
21 28
21 29
22 30
23 31
23 32
24 33
25 34
26 35
27 36
28 37
29 38
29 39
30 40
30 41
31 42
31 43
32 44
32 45
33 46
34 47
34 48
35 49
35 50
36 51
37 52
38 53
39 54
39 55
40 56
40 57
41 58
41 59
42 60
42 61
43 62
44 63
45 64
45 65
46 66
46 67
47 68
48 69
48 70
49 71
50 72
51 73
52 74
53 75
54 76
55 77
56 78
57 79
58 80
59 81
60 82
61 83
62 84
63 85
64 86
65 87
66 88
67 89
68 90
69 91
70 92
71 93
72 94
73 95
74 96
75 97
76 98
77 99
78 100
79 101
80 102
81 103
82 104
83 105
84 106
85 107
86 108
86 109
87 110
87 111
88 112
88 113
89 114
89 115
90 116
91 117
92 118
93 119
94 120
94 121
95 122
96 123
96 124
97 125
98 126
99 127
100 128
100 129
101 130
101 131
102 132
102 133
103 134
103 135
104 136
104 137
105 138
106 139
107 140
108 141
109 142
110 143
111 144
111 145
112 146
113 147
114 148
115 149
116 150
117 151
118 152
119 153
120 154
121 155
122 156
123 157
124 158
125 159
126 160
127 161
128 162
129 163
130 164
130 165
131 166
132 167
133 168
134 169
135 170
136 171
137 172
138 173
139 174
139 175
140 176
140 177
141 178
142 179
143 180
144 181
145 182
146 183
147 184
148 185
149 186
150 187
151 188
152 189
153 190
154 191
155 192
156 193
157 194
158 195
159 196
160 197
161 198
162 199
163 200
164 201
165 202
166 203
167 204
168 205
169 206
170 207
171 208
172 209
173 210
174 211
175 212
176 213
177 214
178 215
179 216
180 217
181 218
182 219
183 220
184 221
185 222
186 223
187 224
188 225
189 226
190 227
191 228
192 229
193 230
193 231
194 232
195 233
195 234
196 235
196 236
197 237
197 238
198 239
198 240
199 241
199 242
200 243
200 244
201 245
201 246
202 247
202 248
203 249
204 250
205 251
206 252
207 253
208 254
209 255
210 256
210 257
211 258
211 259
212 260
212 261
213 262
213 263
214 264
214 265
215 266
215 267
216 268
216 269
217 270
217 271
218 272
218 273
219 274
219 275
220 276
220 277
221 278
222 279
222 280
223 281
224 282
225 283
226 284
227 285
228 286
229 287
229 288
230 289
230 290
231 291
231 292
232 293
232 294
233 295
233 296
234 297
234 298
235 299
235 300
236 301
236 302
237 303
237 304
238 305
238 306
239 307
239 308
240 309
240 310
241 311
241 312
242 313
242 314
243 315
243 316
244 317
245 318
246 319
247 320
248 321
248 322
249 323
249 324
250 325
251 326
251 327
252 328
252 329
253 330
253 331
254 332
255 333
256 334
257 335
258 336
259 337
260 338
260 339
261 340
261 341
262 342
262 343
263 344
264 345
265 346
266 347
267 348
268 349
268 350
269 351
270 352
270 353
271 354
271 355
272 356
272 357
273 358
273 359
274 360
275 361
276 362
277 363
278 364
279 365
280 366
281 367
282 368
282 369
283 370
284 371
285 372
286 373
287 374
288 375
289 376
290 377
291 378
292 379
293 380
294 381
295 382
295 383
296 384
297 385
298 386
299 387
300 388
301 389
302 390
303 391
304 392
305 393
306 394
307 395
308 396
309 397
310 398
311 399
312 400
313 401
314 402
315 403
316 404
317 405
318 406
319 407
320 408
321 409
322 410
322 411
323 412
324 413
325 414
325 415
326 416
326 417
327 418
327 419
328 420
328 421
329 422
330 423
330 424
331 425
331 426
332 427
333 428
334 429
335 430
336 431
337 432
338 433
339 434
339 435
340 436
340 437
341 438
341 439
342 440
342 441
343 442
343 443
344 444
344 445
345 446
345 447
346 448
346 449
347 450
347 451
348 452
349 453
349 454
350 455
350 456
351 457
351 458
352 459
352 460
353 461
353 462
354 463
354 464
355 465
355 466
356 467
356 468
357 469
357 470
358 471
358 472
359 473
359 474
360 475
360 476
361 477
361 478
362 479
362 480
363 481
363 482
364 483
364 484
365 485
365 486
366 487
366 488
367 489
367 490
368 491
368 492
369 493
369 494
370 495
370 496
371 497
372 498
373 499
373 500
374 501
374 502
375 503
375 504
376 505
376 506
377 507
377 508
378 509
378 510
379 511
379 512
380 513
380 514
381 515
381 516
382 517
382 518
383 519
383 520
384 521
384 522
385 523
385 524
386 525
386 526
387 527
387 528
388 529
388 530
389 531
389 532
390 533
391 534
391 535
392 536
393 537
393 538
394 539
394 540
395 541
396 542
396 543
397 544
397 545
398 546
398 547
399 548
399 549
