1 1
2 2
3 3
3 4
4 5
4 6
5 7
5 8
6 9
6 10
7 11
7 12
8 13
8 14
9 15
9 16
10 17
10 18
11 19
11 20
12 21
12 22
13 23
13 24
14 25
14 26
15 27
16 28
16 29
17 30
17 31
18 32
18 33
19 34
19 35
20 36
21 37
21 38
22 39
23 40
23 41
24 42
24 43
25 44
25 45
26 46
26 47
27 48
27 49
28 50
28 51
29 52
30 53
31 54
31 55
32 56
32 57
33 58
33 59
34 60
34 61
35 62
35 63
36 64
37 65
37 66
38 67
38 68
39 69
39 70
40 71
40 72
41 73
41 74
42 75
42 76
43 77
43 78
44 79
44 80
45 81
46 82
46 83
47 84
47 85
48 86
49 87
50 88
50 89
51 90
51 91
52 92
52 93
53 94
54 95
55 96
55 97
56 98
56 99
57 100
57 101
58 102
59 103
59 104
60 105
61 106
62 107
63 108
64 109
64 110
65 111
66 112
67 113
68 114
69 115
70 116
71 117
72 118
73 119
74 120
75 121
76 122
77 123
78 124
79 125
80 126
81 127
82 128
83 129
83 130
84 131
84 132
85 133
85 134
86 135
86 136
87 137
87 138
88 139
88 140
89 141
89 142
90 143
90 144
91 145
91 146
92 147
93 148
94 149
95 150
96 151
96 152
97 153
98 154
99 155
100 156
101 157
102 158
103 159
104 160
105 161
106 162
107 163
107 164
108 165
109 166
109 167
110 168
110 169
111 170
112 171
113 172
113 173
114 174
115 175
115 176
116 177
117 178
118 179
119 180
120 181
121 182
122 183
123 184
124 185
125 186
126 187
127 188
128 189
129 190
130 191
130 192
131 193
131 194
132 195
133 196
134 197
134 198
135 199
136 200
137 201
137 202
138 203
138 204
139 205
139 206
140 207
141 208
141 209
142 210
142 211
143 212
143 213
144 214
145 215
146 216
147 217
148 218
149 219
150 220
150 221
151 222
151 223
152 224
152 225
153 226
153 227
154 228
154 229
155 230
155 231
156 232
156 233
157 234
157 235
158 236
158 237
159 238
159 239
160 240
161 241
161 242
162 243
162 244
163 245
163 246
164 247
164 248
165 249
165 250
166 251
166 252
167 253
167 254
168 255
168 256
169 257
170 258
171 259
172 260
173 261
173 262
174 263
174 264
175 265
175 266
176 267
177 268
178 269
179 270
180 271
181 272
182 273
183 274
183 275
184 276
184 277
185 278
185 279
186 280
186 281
187 282
188 283
188 284
189 285
189 286
190 287
191 288
192 289
192 290
193 291
193 292
194 293
194 294
195 295
195 296
196 297
196 298
197 299
197 300
198 301
199 302
199 303
200 304
201 305
201 306
202 307
202 308
203 309
204 310
204 311
205 312
205 313
206 314
206 315
207 316
207 317
208 318
208 319
209 320
210 321
211 322
212 323
212 324
213 325
213 326
214 327
214 328
215 329
216 330
217 331
217 332
218 333
218 334
219 335
219 336
220 337
220 338
221 339
222 340
223 341
223 342
224 343
224 344
225 345
226 346
226 347
227 348
227 349
228 350
228 351
229 352
229 353
230 354
230 355
231 356
231 357
232 358
233 359
233 360
234 361
235 362
236 363
236 364
237 365
238 366
239 367
240 368
240 369
241 370
241 371
242 372
242 373
243 374
243 375
244 376
244 377
245 378
245 379
246 380
247 381
247 382
248 383
249 384
250 385
251 386
252 387
252 388
253 389
253 390
254 391
254 392
255 393
255 394
256 395
256 396
257 397
258 398
258 399
259 400
259 401
260 402
260 403
261 404
261 405
262 406
262 407
263 408
263 409
264 410
264 411
265 412
265 413
266 414
267 415
267 416
268 417
269 418
269 419
270 420
270 421
271 422
271 423
272 424
272 425
273 426
274 427
275 428
276 429
276 430
277 431
277 432
278 433
278 434
279 435
280 436
280 437
281 438
281 439
282 440
282 441
283 442
284 443
285 444
285 445
286 446
286 447
287 448
288 449
288 450
289 451
290 452
291 453
291 454
292 455
292 456
293 457
293 458
294 459
295 460
295 461
296 462
296 463
297 464
297 465
298 466
298 467
299 468
299 469
300 470
301 471
302 472
303 473
304 474
304 475
305 476
305 477
306 478
306 479
307 480
307 481
308 482
309 483
310 484
311 485
312 486
313 487
314 488
315 489
316 490
317 491
318 492
318 493
319 494
319 495
320 496
320 497
321 498
322 499
322 500
323 501
323 502
324 503
324 504
325 505
325 506
326 507
326 508
327 509
327 510
328 511
329 512
330 513
331 514
332 515
332 516
333 517
333 518
334 519
335 520
336 521
337 522
337 523
338 524
338 525
339 526
339 527
340 528
340 529
341 530
341 531
342 532
342 533
343 534
343 535
344 536
344 537
345 538
345 539
346 540
347 541
347 542
348 543
349 544
349 545
350 546
350 547
351 548
351 549
