1 1
2 2
3 3
3 4
4 5
5 6
6 7
7 8
7 9
8 10
9 11
10 12
11 13
12 14
13 15
14 16
15 17
16 18
17 19
18 20
19 20
20 21
21 21
22 22
23 23
24 24
25 25
26 26
27 27
27 28
28 29
29 30
29 31
30 32
31 33
32 34
33 35
34 36
35 37
36 38
37 39
38 40
39 41
40 42
41 43
42 44
43 45
44 46
44 47
45 48
46 49
47 50
48 51
49 52
50 53
51 54
52 54
53 55
54 56
55 57
56 58
57 59
58 60
59 61
60 62
61 63
62 64
63 65
64 66
65 67
66 68
67 69
68 70
69 71
70 72
71 73
72 74
73 75
74 76
75 77
76 78
77 79
77 80
78 81
79 82
79 83
80 84
81 85
82 86
83 87
84 88
85 89
86 90
87 91
88 92
89 93
90 94
91 95
92 96
93 97
94 98
95 99
96 100
97 101
97 102
98 103
99 104
99 105
100 106
101 107
102 108
103 109
104 110
105 111
106 112
107 113
108 114
109 115
110 116
111 117
112 118
113 119
114 120
114 121
115 122
115 123
116 124
117 125
118 126
119 127
119 128
120 129
120 130
121 131
122 132
123 133
124 134
125 135
126 136
127 137
128 138
129 139
130 140
131 141
132 142
133 143
134 144
135 145
136 146
137 147
138 148
139 149
139 150
140 151
140 152
141 153
141 154
142 155
142 156
143 157
144 158
144 159
145 160
146 161
146 162
147 163
147 164
148 165
148 166
149 167
149 168
150 169
151 170
152 171
153 172
154 173
155 174
156 175
156 176
157 177
158 178
158 179
159 180
160 181
161 182
161 183
162 184
163 185
164 186
164 187
165 188
166 189
167 190
168 191
169 192
170 193
171 194
172 195
172 196
173 197
174 198
175 199
176 200
177 201
178 202
179 203
180 204
181 205
182 206
183 207
184 208
185 209
186 210
187 211
188 212
189 213
190 214
191 215
192 216
193 217
194 218
195 219
196 220
197 221
198 222
199 222
200 223
201 224
202 225
203 226
204 227
205 228
205 229
206 230
207 231
207 232
208 233
209 234
210 235
211 236
212 237
213 238
214 239
215 240
216 241
217 242
217 243
218 244
218 245
219 246
219 247
220 248
220 249
221 250
222 251
223 252
223 253
224 254
224 255
225 256
226 257
227 258
228 259
229 260
229 261
230 262
230 263
231 264
231 265
232 266
232 267
233 268
233 269
234 270
235 271
236 272
237 273
238 274
238 275
239 276
240 277
240 278
241 279
241 280
242 281
243 282
244 283
245 284
246 285
247 286
248 287
248 288
249 289
249 290
250 291
251 292
251 293
252 294
253 295
254 296
255 297
256 298
257 299
258 299
259 300
260 301
261 302
262 303
263 304
264 305
265 306
266 307
267 308
268 309
269 310
270 311
271 312
272 313
273 314
274 315
275 316
276 317
277 318
278 319
279 320
280 321
281 322
282 323
283 324
284 325
285 326
286 327
287 328
288 329
289 330
290 331
291 332
292 333
293 334
294 335
294 336
295 337
295 338
296 339
296 340
297 341
298 342
298 343
299 344
299 345
300 346
301 347
302 348
303 349
304 350
305 351
305 352
306 353
307 354
307 355
308 356
309 357
310 358
311 359
312 360
313 361
314 362
315 363
316 364
316 365
317 366
318 367
319 368
320 369
321 370
322 371
323 372
324 373
324 374
325 375
325 376
326 377
326 378
327 379
327 380
328 381
328 382
329 383
329 384
330 385
330 386
331 387
331 388
332 389
332 390
333 391
333 392
334 393
334 394
335 395
336 396
337 397
338 398
339 399
340 400
341 401
342 402
342 403
343 404
344 405
345 406
346 407
346 408
347 409
347 410
348 411
349 412
350 413
351 414
352 415
353 416
354 417
355 417
356 418
357 419
358 420
359 421
360 422
361 423
362 424
363 425
364 426
364 427
365 428
365 429
366 430
366 431
367 432
368 433
369 434
370 435
371 436
372 437
373 438
374 439
375 440
376 441
377 442
378 443
379 444
380 445
381 446
382 447
383 448
383 449
384 450
385 451
386 452
386 453
387 454
388 455
389 456
390 457
391 458
392 459
393 460
394 461
395 462
396 463
397 464
397 465
398 466
399 467
400 468
401 469
402 470
403 471
404 472
405 473
406 474
407 475
408 476
409 477
409 478
410 479
410 480
411 481
412 482
413 483
413 484
414 485
414 486
415 487
416 488
416 489
417 490
417 491
418 492
418 493
419 494
420 495
420 496
421 497
422 498
423 499
424 500
425 501
425 502
426 503
427 504
428 505
428 506
429 507
430 508
430 509
431 510
432 511
433 512
433 513
434 514
434 515
435 516
435 517
436 518
436 519
437 520
438 521
439 522
440 523
441 524
442 525
443 526
444 527
445 528
446 529
447 530
448 531
449 532
450 533
450 534
451 535
451 536
452 537
453 538
454 539
455 540
456 541
457 542
458 543
458 544
459 545
459 546
460 547
461 548
462 549
