1036	90.4325967326	111.000142155
1050	150.1739655	186.446080871
1055	117.092409169	135.222409169
1070	144.441336455	182.917615398
1076	124.380168592	163.267950248
1092	112.742881285	130.872881285
1093	153.34029887	195.069405019
1102	104.255902253	122.385902253
1108	107.092953235	126.20950984
1136	138.414989995	175.960180996
1140	83.7068501339	101.836850134
1142	113.736897729	137.539955848
1144	117.735841263	158.028226992
1159	109.490497022	129.016616609
1163	150.368549986	184.137912114
1170	131.099602614	167.129230233
1173	100.526301703	118.656301703
1207	145.113361242	171.834370251
1212	115.470864308	136.836330409
1222	88.733272497	106.863272497
1274	97.6230244122	115.753024412
1308	116.579244536	138.390850092
1314	114.81872975	132.94872975
1004	136.457018432	163.297380313
1315	148.667832893	185.67036713
1317	123.637560595	159.668978505
1319	148.770599542	171.984601626
1320	157.730228338	201.185946765
1323	119.405348591	137.535348591
1324	174.582708519	214.624281615
1325	104.922646475	123.09043824
1330	172.54687661	221.117845535
1332	145.845677044	176.722664824
1334	113.090537701	131.220537701
1335	143.078706983	181.036759035
1336	71.8575268874	89.9875268874
1337	131.891130411	167.076689395
1339	108.749985945	135.603000702
1340	115.738590398	141.021416739
1341	151.551301465	178.8501277
1342	165.270920298	197.984192985
1345	134.035126563	163.550849676
1348	131.951874089	168.340398968
1350	103.425297385	121.555297385
1351	150.57389354	201.711876546
1352	128.794905839	156.630478761
1353	134.864891409	167.665231545
1354	99.9950935207	118.125093521
1359	112.453234185	139.595069339
1360	165.207142997	200.327292193
1362	177.356493022	230.97215424
1363	143.368126924	175.78663444
1371	135.475126782	153.605126782
1374	145.919444862	185.112603039
1376	108.035228577	137.911400422
1378	118.089060375	141.37522874
1381	117.220143205	139.224218845
1384	135.702143331	167.41009564
1390	95.5758611476	113.705861148
1391	131.739587093	166.089415373
1392	141.089868958	173.473670328
1395	126.440462334	155.514861893
1396	112.349509723	130.479509723
1397	88.0292234491	106.159223449
1398	131.304159733	159.281396071
1402	154.087104145	197.857636632
1406	128.575706996	172.427280894
1430	90.6958705205	115.346840128
1431	140.091702511	166.766817383
1432	120.637122206	153.544589421
1434	115.507605671	140.116295057
1435	145.074520615	175.67958351
1437	117.288605651	147.944545702
1438	148.564223678	174.265376074
1439	111.551514985	134.775231477
1442	121.679683858	148.572987188
1444	158.838795449	198.432561435
1445	151.883085838	196.668551335
1447	174.699321292	212.195989106
1448	135.275464749	169.144801461
1451	145.039485202	184.528860255
1457	119.604845403	151.823628578
1462	111.977871349	133.599081692
1465	113.504368667	135.212749943
1466	118.820249946	141.623619866
1468	122.498683048	140.628683048
1469	107.005791378	136.326908323
1470	97.0220752702	115.15207527
1472	126.026729308	155.854204995
1475	163.947947618	203.727805164
1485	161.034142439	202.762936246
1494	143.542411656	169.42470608
1495	101.396010417	134.210317316
1497	125.913330497	157.417414237
1499	114.474156579	132.604156579
1501	188.128353688	233.318247558
1502	132.538766974	166.856743913
1503	142.257875165	196.027337262
1504	96.22265954	116.264762315
1505	103.07190256	124.401603907
1506	116.189164761	146.719087718
1508	116.560075076	146.789146362
1510	99.7887741942	120.02475778
1514	133.330302611	166.169329397
1515	118.829212289	136.959212289
1516	128.889305382	161.888363984
1521	105.794558492	123.924558492
1524	114.699817926	132.829817926
1525	136.609595312	177.489233321
1527	134.10951747	180.395232115
1528	146.110305134	180.084731801
1531	135.456664837	174.647341249
1538	134.144483306	168.099283838
1546	127.285311008	160.539389274
1549	121.333236921	141.156071367
1571	155.924229158	201.153440058
1578	110.116062724	131.194564745
1598	93.8713479276	112.001347928
1602	106.183902353	128.750008121
1603	134.499297988	173.320991347
1632	95.5828151578	117.424174981
1633	136.71993636	164.449094217
1634	106.451966764	124.581966764
1636	92.8820491699	115.908558075
1640	113.076745255	132.843439408
1641	117.332590953	136.718712434
1643	96.7525516847	118.03593606
1645	149.428450761	185.5393079
1646	119.224428069	137.354428069
1649	150.874985678	199.206263263
1654	89.9829677805	108.11296778
1655	147.521480843	175.706647086
1657	106.400462891	131.826841244
1659	105.491060033	123.621060033
1663	116.737927143	134.867927143
1668	120.3275889393	145.457588939
1669	116.419991571	139.428977425
1672	186.288150041	228.944778551
1673	80.392339096	120.522339096
1678	128.931943472	151.122221052
1679	79.8686585032	110.9986585032
1690	102.125011031	123.521212854
1750	96.9828398834	115.112839883
1766	121.73182368	140.337609519
1809	178.869610053	212.633246396
1885	85.8832143845	106.67904645
1891	112.952937741	136.42177286
1896	118.827364949	146.347791348
1962	105.285250656	123.415250656
2005	117.093918915	135.223918915
2006	140.40448588	183.312424744
2025	91.0510460948	116.321863728
2026	143.255284572	177.853613759
2047    100.5802098934  198.7102098934
2055	89.0164171967	107.872145602
2135	122.40940534	151.128746568
2138	51.7096034737	100.8396034737
2139	118.869192656	139.755157553
2141	99.3856118493	121.593316666
2144	113.632927042	137.601590433
2151	139.289716252	172.20762683
2153	160.524316052	199.683781238
2155	153.885582153	179.509475317
2156	146.360143628	187.245277186
2158	100.612799242	118.742799242
2159	144.099440374	187.311725706
2163	97.1939149205	119.695559554
2165	101.971515778	123.476834435
2167	121.152842391	149.359080992
2168	116.042944629	134.172944629
2169	177.769358501	227.414884325
2170	136.906482024	177.40207455
2174	101.36545998	121.379261297
2184	119.187140489	148.353338729
2191	126.048823353	151.847678724
1037	92.1187812457	110.248781246
1039	90.1019385472	108.231938547
1044	82.3323401588	100.462340159
1001	82.3323401588	100.462340159
1275	81.6299360274	99.7599360274
1005	81.6299360274	99.7599360274
1277	150.019394231	173.330842872
1280	91.8270058659	109.957005866
1322	133.621613463	162.451177933
1405	126.393300831	152.803253639
1590	73.7800161891	91.9100161891
1976	136.457018432	163.297380313
1985	134.415776324	174.685240929
2045	81.1812069266	99.3112069266
2122	88.6965216894	106.826521689
2124	91.8904277134	150.020427713
2125	86.3889315418	104.518931542
2132	94.0463344607	150.176334461
2149	174.579681673	219.004137664
2172	180.241582767	225.74235068
2208	169.884737278	218.247517839
1003	169.884737278	218.247517839
2209	169.884737278	218.247517839
2226	170.214564201	224.102346670
2220	172.123470134	226.124547401
1002	172.123470134	226.124547401
1224	116.230171749	134.729929015
1225	109.668985398	132.511862374
1231	105.944428393	127.9867671
1273	90.77393575	108.90393575
2181	99.5514244411	120.568806042
2189	96.3034429793	117.63970431
1034	152.380614229	191.650004123
1375	101.455002025	125.879941157
1449	156.070448516	190.612393652
1570	104.643822145	132.784175357
1595	137.749420464	170.794558326
1644	136.786722787	175.410293768
1653	147.097431969	186.699836997
1666	83.6408248745	106.295780316
1706	111.640929188	141.066588793
1761	138.580858997	177.75775274
2035	148.519372913	190.740383252
2128	111.057352813	140.092980059
2130	135.183863778	179.325545915
2147	105.823131953	131.905426205
2177	173.170300282	206.640808158
2190	141.109072243	185.390388914
2192	126.553147987	145.068779654
2193	123.943984455	156.091551698