0.000000
0.000128
234.917847
0.000000
0.191193
0.000576
0.000002
0.000000
0.001558
0.000052
0.000016
0.000764
0.200536
0.000000
0.000000
0.000000
0.213298
0.000000
0.000724
0.004394
17.785662
0.000030
0.000000
0.000366
0.003420
0.000139
0.000000
0.185255
0.000000
0.000000
0.000000
0.000000
0.328820
0.000000
0.000007
0.689483
0.261900
0.001587
0.056196
0.234126
0.003434
0.000041
0.008020
2.259678
0.001232
0.000008
0.000013
0.000040
0.025180
0.457773
2.365540
0.012696
0.000011
0.043758
0.000000
0.000000
0.000000
0.000000
0.000000
0.000000
0.000000
0.000000
0.000000
0.000000
0.000332
0.000095
0.007938
0.000666
0.878282
0.287128
5.153922
0.923030
0.103416
0.009191
0.007358
0.000318
0.001464
0.017664
0.000003
0.000014
0.009343
0.134404
0.000671
0.132530
0.016000
0.096058
0.000024
3.720861
0.296936
0.046895
0.000002
3.531843
0.661663
0.000036
0.000066
0.308231
0.000001
0.000014
0.000127
0.000021
4.745698
1.644703
0.000003
0.002680
9.755365
0.000000
0.361335
0.000041
0.032706
0.000014
0.000195
0.000000
0.000000
0.000000
0.000000
0.000000
0.000000
0.000000
0.000000
0.000000
0.000000
0.000000
0.000000
0.000000
0.000000
0.000000
0.000000
0.000000
0.000000
0.209140
0.000000
1.118027
0.047705
0.000000
0.128975
0.080102
0.000025
0.085726
0.001499
0.005287
0.029533
0.549072
0.000122
0.000021
0.040134
1.071464
0.006080
0.000066
0.000000
0.003098
0.002914
0.023228
0.042141
0.001367
0.031312
0.102722
0.009637
0.071587
1.008376
0.011315
0.201242
0.008240
0.000305
0.000001
2.829776
0.000007
0.000047
0.002394
0.285140
0.200430
0.000936
10.024829
0.259591
0.000000
0.293379
1.658399
0.003640
0.225007
1.390603
0.001493
0.132795
0.000006
0.000000
0.021599
11.380053
0.053585
3.464071
0.000002
0.000000
0.074647
1.134504
0.027727
0.774638
0.000021
1.400273
0.001215
0.029330
0.187772
2.264190
0.000087
3.070358
0.000998
0.005564
0.069216
13.423230
0.010038
0.000071
0.233732
0.398867
0.002939
1.881856
1.178332
0.000738
0.000016
0.000017
0.012225
0.001939
0.000262
0.000000
0.000000
0.000001
0.000000
0.000031
0.000000
0.000000
0.000000
0.000000
0.000000
0.000000
0.000000
0.000000
0.000000
0.000000
0.000000
0.000000
0.000000
0.000000
0.000000
0.000000
0.000000
0.000000
0.000000
0.000000
0.000000
0.000000
0.000000
0.000000
0.000000
0.000000
0.000000
0.000000
0.000000
0.000000
0.000000
0.000000
0.000000
0.000054
0.009659
0.049305
0.059496
0.057734
0.072130
1.233883
0.722319
0.775833
0.003515
10.000553
0.313540
0.008709
0.294405
0.000000
0.372073
0.000023
0.014368
0.000569
0.000161
2.572293
1.585766
80.183640
0.015117
0.036892
0.081932
0.003548
0.067940
0.000657
0.003482
3.694158
2.831930
0.001445
4.107409
0.000004
0.166408
0.077339
0.011065
0.002464
0.727219
0.031802
0.021888
0.469443
0.006438
0.000058
0.951233
0.000083
0.115031
0.112383
0.000000
0.899562
0.000000
0.000030
0.168418
0.000000
0.002068
0.000001
1.259027
0.012245
0.005980
0.006442
0.001315
0.000364
0.000008
0.000000
0.000436
0.000039
0.172795
0.006237
0.000070
0.000325
0.000108
0.000108
0.486801
0.000530
0.002119
0.098832
1.568877
0.134386
0.000091
0.000001
0.093382
0.002051
0.001138
0.023530
1.608266
0.000000
0.000069
0.000002
0.017926
0.002727
2.066768
0.000000
0.463183
5.560636
0.000004
0.160286
0.000000
0.014187
1.396607
0.000014
0.002704
0.001233
0.000008
0.000016
0.000931
0.005721
0.000025
0.000000
0.001090
0.020445
0.219315
0.007335
0.000004
0.000002
0.132596
0.002066
0.000515
0.000633
0.751005
0.000619
1.457319
0.006106
0.074158
0.022896
0.163480
0.101383
0.000000
0.000001
1.141565
0.748195
0.060417
0.001059
0.000034
0.051667
1.840844
0.000884
0.000914
0.015790
0.037215
0.002811
0.317610
2.855934
0.000433
0.000000
0.000812
2.450513
0.249938
0.000000
0.018933
0.201486
0.000011
0.009635
0.040483
0.001437
0.026885
0.090034
0.000249
0.000000
0.003260
0.000859
0.000000
0.025026
0.000022
0.024382
3.627905
3.345817
0.250151
1.270651
0.000000
0.000025
0.028479
0.007290
0.000164
0.475095
0.000002
0.000005
0.283076
0.000663
0.022039
0.000000
0.000334
0.000013
0.000000
0.000000
0.000000
0.000000
0.000002
0.000000
0.000000
0.000134
0.000001
0.000000
0.000000
0.000000
0.000000
0.000000
0.000000
0.000000
0.000000
0.000000
0.000000
0.000000
0.000000
0.000000
0.000000
0.000000
0.000000
0.000000
0.000000
0.000000
0.000000
0.000000
0.000000
0.000000
0.000000
0.000000
0.000000
0.000000
0.000000
0.000000
0.000000
0.000000
0.000000
0.000000
0.000000
0.000000
0.000000
0.000000
0.000000
0.000000
0.000000
0.000000
0.000000
0.000000
0.000000
0.000000
0.000000
0.000000
0.000000
0.000000
0.000000
0.000000
0.000000
0.000000
0.000000
0.000000
0.000000
0.000000
0.000000
0.000000
0.000000
0.000000
0.000000
0.000000
0.000000
0.001492
0.007337
0.024474
0.107641
0.000538
0.003758
0.043634
0.233569
0.000000
0.000218
0.519177
0.000169
0.045650
0.639448
11.788633
0.013971
0.000131
0.013339
0.001749
0.001193
0.024358
2.237313
0.001509
0.000002
0.098345
0.069871
0.010195
0.000001
0.000376
1.674328
0.000070
0.003692
0.000028
0.000126
0.000003
0.002025
0.987563
0.000000
0.000087
0.000917
0.901850
0.000128
0.128271
0.000189
0.000449
0.052624
0.057682
0.064675
0.001676
0.000000
0.002114
0.000066
16.082596
0.023326
0.007372
0.066000
0.134333
0.170695
0.017554
3.445349
0.007745
0.000100
0.001613
0.000386
0.232567
1.054496
0.001060
0.048410
0.000004
0.000259
0.000141
1.119995
2.194430
0.013889
0.000007
0.001538
0.000004
0.000003
0.000000
0.012435
0.000030
0.000001
0.028525
19.805244
0.000012
0.000569
0.880304
0.018665
0.065204
0.012264
0.000123
0.000001
0.000843
0.000232
0.150738
0.024870
0.000255
0.003136
0.179114
0.144431
0.000490
0.337472
0.000031
0.000009
0.002994
0.000001
0.419806
0.000087
0.000000
6.425382
0.007166
0.046290
0.956871
0.000043
0.046115
0.000023
0.000414
1.467776
0.002888
0.002951
0.000018
0.002574
0.000464
0.170655
0.000033
0.000155
1.865994
0.035900
0.000033
0.001115
0.107740
4.959674
40.584423
0.016658
1.367265
0.001363
0.047108
0.534731
0.046070
0.088720
0.000092
0.001586
0.112186
0.000003
0.000001
0.000013
0.032934
0.001763
0.000218
0.000002
0.000000
0.000029
0.000613
0.000002
0.000540
0.000001
0.000000
0.000036
0.000126
0.000000
0.000935
1.939918
0.000004
0.000557
0.000058
0.464403
0.000000
0.000007
0.894364
0.000015
0.000324
0.001861
0.000368
0.007275
0.679915
0.000006
1.761796
0.149424
0.000020
0.000717
0.001860
0.000066
0.000125
0.000000
0.416262
0.000192
4.667312
0.025771
0.001383
0.001236
0.000008
0.202178
0.113860
0.000013
0.000002
0.000000
0.000147
0.079830
0.000000
0.888076
0.000976
0.133955
0.000001
0.000010
0.000003
0.105936
1.860357
0.004647
0.000001
0.271663
0.009935
0.000002
0.000284
0.005901
0.000066
0.003580
0.082058
0.000001
2.173081
0.000000
0.149234
0.000218
0.000003
0.000007
0.000130
2.707203
0.161451
0.001767
0.000399
0.001035
0.000391
0.006115
0.008734
0.001531
0.004619
0.012588
0.000002
0.228621
0.034289
0.385932
0.052823
0.010732
0.000170
0.010730
0.000068
0.027057
1.088190
0.004029
0.000007
0.047146
0.363409
0.041429
0.720534
0.052585
0.000380
0.053777
0.000212
3.061792
0.000000
0.000005
0.000053
0.000000
0.000479
0.016539
0.001328
0.834991
0.000000
0.002781
0.000000
1.111242
0.123979
0.001613
0.000000
0.123473
0.000004
0.188389
0.000362
0.000021
0.000000
0.003150
0.000002
0.577923
0.000439
0.666189
0.000014
0.002317
0.000000
0.000183
0.001405
0.508987
0.026948
0.165183
0.001649
0.000016
0.000012
0.000212
0.036852
0.314121
0.503413
0.000000
0.041908
0.000003
0.020176
5.265613
1.769071
0.050198
0.000000
0.003512
0.004386
0.004038
0.016725
0.042366
0.000008
0.001092
0.000000
0.000694
0.000093
0.001171
0.144604
0.000000
0.659272
0.000080
0.449420
0.296997
0.045437
0.062853
0.888406
0.000560
0.000397
0.005296
0.000040
0.080344
0.001834
0.513997
0.000676
0.005748
0.000005
0.002131
0.000046
1.647429
0.000118
0.000006
0.000811
0.000974
1.879127
0.001211
0.000780
2.102299
0.019834
0.252996
0.022399
0.013340
0.000000
2.359388
0.000000
0.000058
0.002778
0.000020
0.362977
0.000000
0.000000
0.000000
0.000000
0.000000
0.151411
0.000000
0.000000
0.000089
0.157332
0.038411
0.000000
0.000000
0.000000
0.009173
0.000000
0.000000
0.000000
0.000654
0.002862
0.125870
0.000000
0.000000
0.000000
0.000000
0.000000
11.590480
0.000000
0.000000
0.000000
0.000000
0.000000
0.000000
0.000000
0.000000
0.000000
0.000000
0.000000
0.000000
0.000000
0.000000
0.000000
0.000000
0.000000
0.000000
0.000000
0.000000
0.000000
0.000000
0.000000
0.000000
0.000000
0.000000
0.000000
0.000000
0.000000
0.000000
0.000000
0.000000
0.000000
0.000354
0.000000
0.000000
0.000000
0.000000
0.000000
0.000000
0.000000
0.000000
0.000000
0.000000
0.000000
0.000000
0.000000
0.000000
0.000000
0.000000
0.000000
0.000000
0.000000
0.000000
0.000000
0.000000
0.000000
0.000000
0.000000
0.000000
0.000000
0.000000
0.000000
0.000000
0.000000
0.000000
0.000000
0.000000
0.000000
0.000000
0.000000
0.000000
0.000000
0.000000
0.000000
0.000000
0.000000
0.000000
0.000000
0.000000
0.000000
0.000000
0.000000
0.000000
0.000000
0.000000
0.000000
0.000000
0.000000
0.000000
0.000000
0.000000
0.000000
0.000000
0.000000
0.000000
0.000000
0.000000
0.000000
0.000000
0.000000
0.000000
0.000000
0.000000
0.000000
0.000000
0.000000
0.000000
0.000000
0.000000
0.000000
0.000000
0.000000
0.000000
0.000000
0.000000
0.000000
0.000000
0.000000
0.000000
0.000000
0.000000
0.000000
0.000000
0.000000
0.000000
