0.000000
0.000001
375.989227
0.000000
0.000287
0.000017
0.000000
0.000000
0.000047
0.000006
0.000053
0.009385
0.000001
0.000000
0.000000
0.000000
0.001077
0.000000
0.000001
0.000004
5.409811
0.000000
0.000000
0.000002
0.000178
0.000002
0.000000
2.464734
0.000000
0.000000
0.000000
0.000000
0.010178
0.000000
0.000001
0.000079
0.000016
0.000001
0.000000
0.000000
0.000000
0.000368
0.006386
1.126597
0.008421
0.000641
0.000001
0.000442
0.000000
0.000042
0.086218
0.001370
0.000000
0.000000
0.000000
0.000000
0.000000
0.000000
0.000000
0.000000
0.000000
0.000000
0.000000
0.000000
0.000001
0.000010
0.000124
0.003590
0.000000
0.000001
14.167607
1.520292
0.030928
0.000026
0.000433
0.000525
0.000027
0.000001
0.000000
0.000000
0.001293
0.000198
0.000000
0.006474
0.000105
0.003709
0.000000
0.000099
0.000000
0.001284
0.000006
0.000160
0.000016
0.000046
0.001351
0.625930
0.000000
0.000000
0.000669
0.000000
1.405388
0.000040
0.000000
0.000000
9.919693
0.000000
0.000020
0.000000
0.000000
0.000000
0.000011
0.000000
0.000000
0.000000
0.000000
0.000000
0.000000
0.000000
0.000000
0.000000
0.000000
0.000000
0.000000
0.000000
0.000000
0.000000
0.000000
0.000000
0.000000
0.004862
0.000001
0.090033
0.000000
0.000000
1.136726
0.691716
0.000000
0.001759
0.018618
0.001449
0.245641
0.000044
0.000000
0.000000
0.000230
0.169344
0.000002
0.000051
0.000000
0.000002
0.000000
0.159028
0.002908
0.000074
0.000116
0.318716
0.000007
0.000000
1.921234
0.000000
0.001499
0.000001
0.000022
0.000000
0.048799
0.000011
0.000000
0.000168
0.000016
0.000041
0.000000
5.233338
0.000000
0.000000
0.000000
0.000744
0.000079
0.000009
0.705520
0.000012
0.000000
0.000003
0.000000
0.003230
82.194412
3.351913
0.010426
0.000009
0.000000
0.009630
0.001172
0.000053
0.054915
0.000001
12.622014
0.000000
0.000007
0.000008
0.001678
0.000001
0.298342
0.000004
0.001588
0.000000
31.279007
0.000047
0.000000
0.192861
0.000000
0.000000
0.000249
0.473790
0.000000
0.000000
0.000000
0.000000
0.000187
0.000000
0.000000
0.000000
0.000000
0.000000
0.000000
0.000000
0.000000
0.000000
0.000000
0.000000
0.000000
0.000000
0.000000
0.000000
0.000000
0.000000
0.000000
0.000000
0.000000
0.000000
0.000000
0.000000
0.000000
0.000000
0.000000
0.000000
0.000000
0.000000
0.000000
0.000000
0.000000
0.000000
0.000000
0.000000
0.000000
0.000000
0.000000
0.000000
0.000007
0.000050
0.002748
0.000004
0.000151
1.031500
0.000334
2.440547
0.243622
0.069917
0.159295
0.000044
0.000154
0.000029
0.000000
0.001873
0.000006
0.000072
0.058942
0.000000
1.916643
2.174629
159.217270
0.000001
0.000000
0.004368
0.014921
0.000001
0.000000
0.000034
0.000000
14.313151
0.000000
0.439105
0.000007
0.672128
0.000196
1.838590
0.000000
0.000000
0.241105
0.059843
0.000011
0.092967
0.000000
0.000791
0.000215
0.016261
0.000001
0.000002
0.005246
0.000000
0.000002
0.000000
0.000004
0.000000
0.000000
0.412467
0.376815
0.000000
0.000025
0.000317
0.000000
0.000778
0.000000
0.000001
0.000110
0.001803
0.000061
0.000000
0.000000
0.000002
0.000000
0.002149
0.000000
0.000002
0.898950
0.000000
0.000759
0.000000
0.000063
0.000000
0.000002
0.000000
0.000128
0.000000
0.000003
0.000000
0.000000
1.904635
0.000000
0.223559
0.000000
0.000001
0.338060
0.000000
0.007147
0.000000
0.000211
0.198819
0.000000
0.002188
0.003305
0.000000
0.000089
0.000323
0.000000
0.001095
0.000000
0.000001
0.000000
0.086609
0.002761
0.000001
0.000000
0.005536
0.000001
0.036535
0.000003
0.109337
0.000011
0.009185
0.000067
0.015729
0.000000
0.000000
0.000536
0.000000
0.000000
0.000005
0.013040
0.000032
0.000001
0.000000
0.036864
0.000065
0.000259
0.000002
0.011258
0.000000
0.000002
0.000001
0.000012
0.000214
0.000000
0.000051
2.160100
0.000000
0.000000
0.082605
0.000000
0.000000
0.000016
0.000000
0.000000
0.000000
0.000121
0.000005
0.000030
0.000095
0.000003
0.000000
0.000738
0.000000
0.000000
2.870346
0.284041
0.000779
3.942326
0.000000
0.000000
0.000009
0.000019
0.000000
0.000000
0.000000
0.000000
0.000151
0.000000
0.000000
0.000001
0.000008
0.000000
0.000000
0.000000
0.000000
0.000000
0.000000
0.000000
0.000000
0.000128
0.000000
0.000000
0.000000
0.000000
0.000000
0.000000
0.000000
0.000000
0.000000
0.000000
0.000000
0.000000
0.000000
0.000000
0.000000
0.000000
0.000000
0.000000
0.000000
0.000000
0.000000
0.000000
0.000000
0.000000
0.000000
0.000000
0.000000
0.000000
0.000000
0.000000
0.000000
0.000000
0.000000
0.000000
0.000000
0.000000
0.000000
0.000000
0.000000
0.000000
0.000000
0.000000
0.000000
0.000000
0.000000
0.000000
0.000000
0.000000
0.000000
0.000000
0.000000
0.000000
0.000000
0.000000
0.000000
0.000000
0.000000
0.000000
0.000000
0.000000
0.000000
0.000000
0.000000
0.000000
0.000000
0.000026
0.000074
0.100747
0.002521
0.000000
0.001226
0.000054
0.000002
0.000002
0.000000
1.991320
0.000010
0.009700
0.000712
1.661581
0.001479
0.000016
0.000005
0.000009
0.000169
0.002117
0.000000
0.005298
0.000001
0.025532
0.006701
0.000014
0.000049
0.000000
0.947851
0.000000
0.000000
0.000000
0.000104
0.000037
0.000000
0.000080
0.000000
0.000004
0.002728
0.002550
0.000120
0.046392
0.011601
0.000172
0.000203
0.033078
0.000000
0.000006
0.000000
0.000367
0.000000
14.096887
0.001231
0.014813
0.000000
0.000000
0.006652
0.000033
0.078226
0.000020
0.000000
0.000000
0.000508
0.000569
0.000232
0.000000
0.000212
0.000001
0.000001
0.000000
0.000011
0.070090
0.000000
0.000035
0.000150
0.000000
0.000000
0.000000
0.000000
0.000000
0.000051
0.000002
41.552448
0.000016
0.000159
0.540497
0.000050
0.000000
0.000005
0.009632
0.000018
0.000000
0.000335
0.001206
0.000020
0.000000
0.000118
0.005928
0.068467
0.027765
0.000000
0.000002
0.000000
0.000028
0.000000
0.000078
0.000000
0.000000
14.809933
0.000000
0.006016
0.000000
0.000039
0.952042
0.103687
0.000005
0.000000
0.000000
0.001633
0.000000
0.001915
0.004346
0.000000
0.000013
0.001168
0.010883
0.000000
0.000000
0.000354
0.004743
0.000134
90.126160
0.000001
0.001927
0.000004
0.000390
0.000010
0.000000
0.000002
0.000000
0.000000
0.000007
0.000000
0.000002
0.000009
0.000000
0.000001
0.000004
0.000014
0.000000
0.000006
0.000223
0.000000
0.000003
0.000000
0.000000
0.000000
0.000322
0.000000
0.000000
0.000014
0.000000
0.000000
0.000000
0.001345
0.000000
0.000000
0.069132
0.000000
0.015010
0.000002
0.000005
0.000042
0.000011
0.000000
0.000000
0.000013
0.001379
0.000014
0.000025
0.000000
0.000000
0.000000
0.000009
0.000002
0.001298
0.000000
0.000000
0.000000
0.000006
0.000001
0.008061
0.000000
0.000000
0.000000
0.000021
0.000000
0.000000
0.000152
0.000000
0.000008
0.000000
0.000000
0.000000
0.000072
0.337335
0.000000
0.000208
2.161664
0.013701
0.000000
0.000046
0.001218
0.002904
0.000000
0.026948
0.000000
0.001295
0.000000
0.000000
0.000000
0.000020
0.000021
0.000000
0.005108
0.001560
0.000000
0.000000
0.000000
0.000000
0.000000
0.001002
0.000000
0.000001
0.000001
0.000001
0.000000
0.006062
0.000157
0.000000
0.001179
0.000000
0.010256
0.000029
0.000000
0.002882
0.038526
0.000001
0.000005
0.000000
0.026145
0.000022
0.000237
0.000426
0.000003
0.000002
0.021815
0.000000
0.000000
0.000000
0.000000
0.000000
0.000175
0.000827
0.000001
0.000000
0.000018
0.000000
0.000003
0.000018
0.000062
0.000004
0.006039
0.000000
0.001633
0.000080
0.000000
0.000000
0.000004
0.000000
0.000000
0.004333
0.025762
0.000000
0.002430
0.000000
0.000063
0.000004
0.019021
0.000004
0.000001
0.000921
0.000461
0.000001
0.000001
0.000000
0.000001
0.000276
0.000000
0.000003
0.000000
0.000000
0.351152
0.079365
0.004180
0.000002
0.003850
0.000001
0.006823
0.100428
0.000000
0.000000
0.000000
0.000000
0.000000
0.000000
0.000140
0.001564
0.000000
0.031013
0.000002
0.076448
0.000007
0.007704
0.000005
0.000000
0.000000
0.000001
0.000004
0.000000
0.000000
0.000198
0.000004
0.000000
0.000001
0.000000
0.000010
0.000000
0.000580
0.000000
0.000000
0.000024
0.000009
0.000000
0.000173
0.000000
0.013908
0.000423
0.306622
0.000000
0.064693
0.000000
0.000008
0.000000
0.000001
0.000000
0.000000
0.000002
0.000000
0.000000
0.000000
0.000000
0.000001
0.000011
0.000000
0.000000
0.000000
0.000000
0.001154
0.000000
0.000000
0.000000
0.000962
0.000000
0.000000
0.000000
0.000007
0.000000
0.015618
0.000000
0.000000
0.000000
0.000000
0.000000
16.642086
0.000000
0.000000
0.000000
0.000000
0.000000
0.000000
0.000000
0.000000
0.000000
0.000000
0.000000
0.000000
0.000000
0.000000
0.000000
0.000000
0.000000
0.000000
0.000000
0.000000
0.000000
0.000000
0.000000
0.000000
0.000000
0.000000
0.000000
0.000000
0.000000
0.000000
0.000000
0.000000
0.000000
0.000048
0.000000
0.000000
0.000000
0.000000
0.000000
0.000000
0.000000
0.000000
0.000000
0.000000
0.000000
0.000000
0.000000
0.000000
0.000000
0.000000
0.000000
0.000000
0.000000
0.000000
0.000000
0.000000
0.000000
0.000000
0.000000
0.000000
0.000000
0.000000
0.000000
0.000000
0.000000
0.000000
0.000000
0.000000
0.000000
0.000000
0.000000
0.000000
0.000000
0.000000
0.000000
0.000000
0.000000
0.000000
0.000000
0.000000
0.000000
0.000000
0.000000
0.000000
0.000000
0.000000
0.000000
0.000000
0.000000
0.000000
0.000000
0.000000
0.000000
0.000000
0.000000
0.000000
0.000000
0.000000
0.000000
0.000000
0.000000
0.000000
0.000000
0.000000
0.000000
0.000000
0.000000
0.000000
0.000000
0.000000
0.000000
0.000000
0.000000
0.000000
0.000000
0.000000
0.000000
0.000000
0.000000
0.000000
0.000000
0.000000
0.000000
0.000000
0.000000
0.000000
