0.000000
0.000003
351.870850
0.000000
0.000397
0.000031
0.000000
0.000000
0.004047
0.000000
0.000007
0.024313
0.000020
0.000000
0.000000
0.000000
0.000040
0.000000
0.000006
0.000209
2.923517
0.000058
0.000001
0.000000
0.000009
0.000002
0.000000
5.230946
0.000000
0.000000
0.000000
0.000000
0.011191
0.000001
0.000000
0.044335
0.000574
0.000018
0.044102
0.000324
0.000478
0.001358
0.127012
1.712985
0.000250
0.000028
0.000539
0.002602
0.000000
0.004296
0.004571
0.000114
0.000000
0.000000
0.000000
0.000000
0.000000
0.000000
0.000000
0.000000
0.000000
0.000000
0.000000
0.000000
0.000003
0.049841
0.000079
0.009397
0.000731
0.000220
1.168521
1.635474
1.328977
0.001872
0.000060
0.000121
0.000120
0.001911
0.000025
0.000000
0.000166
0.776352
0.000005
0.057182
1.253147
0.000286
0.000000
0.632384
0.081813
0.003320
0.000003
0.004110
0.034703
0.000001
0.002896
0.255405
0.000062
0.000000
0.014392
0.000050
3.118862
0.000134
0.000000
0.000000
19.149424
0.000000
0.000107
0.000000
0.000000
0.000000
0.000001
0.000000
0.000000
0.000000
0.000000
0.000000
0.000000
0.000000
0.000000
0.000000
0.000000
0.000000
0.000000
0.000000
0.000000
0.000000
0.000000
0.000000
0.000000
0.065724
0.000000
0.049491
0.000045
0.000000
2.656875
1.106551
0.000005
0.391637
0.007582
0.037578
0.162415
0.014769
0.000000
0.000013
0.000042
0.165487
0.003754
0.000761
0.000000
0.000223
0.000000
0.047378
0.047281
0.002352
0.932822
0.817241
0.000001
0.004434
0.236409
0.000582
1.144192
0.000054
0.033912
0.000000
0.048335
0.009544
0.001544
0.000532
0.000816
0.693338
0.000001
7.978365
0.002652
0.000000
0.018345
0.148924
0.182919
0.000181
1.775164
0.001558
0.002089
0.000062
0.000064
0.086416
54.188675
0.126661
0.693765
0.015621
0.000000
0.046225
0.001844
0.003760
0.235503
0.000039
17.471096
0.140125
0.000705
0.000008
0.009417
0.000322
0.972502
0.000056
0.000859
0.000000
24.093307
0.000015
0.000000
0.567923
0.000000
0.000000
0.000153
0.010454
0.000000
0.000000
0.000001
0.000000
0.000003
0.000015
0.000000
0.000000
0.000000
0.000000
0.000211
0.000000
0.000000
0.000000
0.000000
0.000000
0.000000
0.000000
0.000000
0.000000
0.000000
0.000000
0.000000
0.000000
0.000000
0.000000
0.000000
0.000000
0.000000
0.000000
0.000000
0.000000
0.000000
0.000000
0.000000
0.000000
0.000000
0.000000
0.000000
0.000000
0.000000
0.000000
0.000000
0.000000
0.000000
0.000486
0.001205
0.003821
0.027223
2.042693
0.112881
1.679121
0.542234
0.000115
0.254789
0.075083
0.000708
0.011868
0.000001
0.000008
0.000020
0.000368
0.168115
0.004901
1.626094
0.367235
121.359291
0.290812
0.024239
0.230850
0.003470
0.007090
0.054636
0.010007
0.004649
9.445782
0.000001
0.032275
0.000027
0.001316
0.020675
0.697372
0.000000
0.055191
0.003332
0.030885
0.009991
0.181557
0.000015
2.006638
0.000185
0.016658
0.000021
0.000000
0.029696
0.000003
0.000008
0.011010
0.000063
0.005255
0.000001
1.653671
0.445518
0.000003
0.000001
0.935687
0.000019
0.000637
0.000000
0.005795
0.006431
0.015191
0.112277
0.000000
0.077380
0.364723
0.004986
1.619377
0.000006
0.000002
2.152495
0.116498
0.060989
0.000000
0.000218
0.000620
0.000063
0.000016
0.014394
0.068858
0.000000
0.000000
0.000002
0.624767
0.000298
5.796967
0.000004
0.000103
1.566224
0.051426
0.001571
0.000000
0.001100
2.892945
0.000321
0.000622
0.000008
0.000014
0.000025
0.000065
0.000078
0.000162
0.000000
0.000000
0.000175
0.189221
0.087972
0.000000
0.000002
0.026375
0.000000
0.013657
0.000001
0.014815
0.004307
0.698275
0.000117
0.725670
0.998793
0.004402
0.000130
0.000000
0.000006
0.000001
0.044463
0.000566
0.000022
0.000000
0.059214
1.008784
0.001048
0.000187
0.000132
0.018828
0.000502
0.015358
0.000774
0.000000
0.000000
0.001725
2.526989
0.000000
0.000001
0.086869
0.004032
0.000000
0.000046
0.000007
0.000000
0.000000
0.000001
0.000517
0.000003
0.000023
0.000000
0.000000
0.006395
0.000000
0.000000
1.711496
0.764691
0.000533
2.765126
0.000000
0.000000
0.000003
0.000164
0.000000
0.000000
0.000000
0.000000
0.000001
0.000000
0.000000
0.000001
0.000015
0.000000
0.000000
0.000001
0.000000
0.000003
0.000000
0.000000
0.000007
0.000013
0.000002
0.000000
0.000000
0.000000
0.000000
0.000000
0.000000
0.000000
0.000000
0.000000
0.000000
0.000000
0.000000
0.000000
0.000000
0.000000
0.000000
0.000000
0.000000
0.000000
0.000000
0.000000
0.000000
0.000000
0.000000
0.000000
0.000000
0.000000
0.000000
0.000000
0.000000
0.000000
0.000000
0.000000
0.000000
0.000000
0.000000
0.000000
0.000000
0.000000
0.000000
0.000000
0.000000
0.000000
0.000000
0.000000
0.000000
0.000000
0.000000
0.000000
0.000000
0.000000
0.000000
0.000000
0.000000
0.000000
0.000000
0.000000
0.000000
0.000000
0.000000
0.000000
0.000000
0.000000
0.000000
0.000108
0.000436
0.120039
0.001970
0.000049
0.001417
0.000383
0.000003
0.000115
0.000327
0.943901
0.001054
0.008702
0.000004
11.972854
0.000056
0.000017
0.004060
0.003138
0.000431
0.058054
0.007472
0.000818
0.000000
0.016884
0.012194
0.000089
0.000059
0.000012
1.286186
0.000000
0.000017
0.006147
0.000016
0.000012
0.000037
0.012032
0.000000
0.000353
0.290462
0.072872
0.000026
0.053042
0.003259
0.038621
0.000231
0.001987
0.000015
0.000012
0.000002
0.000672
0.000002
25.108902
0.083530
0.237331
0.252271
0.055036
0.005044
0.000244
0.250089
0.000130
0.000289
0.000001
0.000001
0.000122
0.000036
0.000405
0.005743
0.000000
0.000033
0.002152
0.106459
0.242149
0.000065
0.000017
0.344380
0.000008
0.000132
0.000000
0.048543
0.000000
0.000008
0.001640
31.676310
0.000362
0.043008
0.390549
0.010151
0.014228
0.006621
0.003233
0.000011
0.000067
0.000275
0.001707
0.011486
0.000001
0.004668
0.006491
0.473114
0.000050
0.000128
0.000014
0.000025
0.000063
0.000055
0.001210
0.000000
0.000001
20.490728
0.000009
0.074507
1.627999
0.000020
0.168654
0.711637
0.000251
0.000653
0.000003
0.000013
0.000004
0.000441
0.004945
0.000040
0.000837
0.001488
0.002674
0.000134
0.001422
0.005578
0.002053
0.238596
97.049309
0.000221
0.009053
0.000012
0.003233
0.000003
0.000003
0.000372
0.000006
0.000000
0.009596
0.000000
0.000000
0.000003
0.007461
0.000007
0.000000
0.001157
0.000000
0.000000
0.000045
0.000000
0.000004
0.000000
0.000360
0.000085
0.000233
0.000000
0.000001
0.248711
0.000000
0.000000
0.000004
0.001999
0.000000
0.001757
0.101032
0.000008
0.212867
0.000001
0.049950
0.000046
0.000006
0.000009
0.000002
0.068840
0.000213
0.000171
0.000008
0.000000
0.000007
0.000063
0.000012
0.000022
0.806533
0.018008
0.000004
0.005002
0.000069
0.000001
0.002743
0.000185
0.000000
0.000000
0.000004
0.000000
0.000001
0.193760
0.000000
0.000029
0.000000
0.000000
0.000115
0.001569
0.129634
0.000015
0.000274
0.934922
0.000803
0.000001
0.000090
0.003929
0.268626
0.000000
0.011673
0.000003
0.727085
0.000000
0.000001
0.000001
0.000002
0.000030
0.000000
0.000212
0.060332
0.000026
0.000000
0.024919
0.000000
0.000000
0.005644
0.000000
0.000022
0.000002
0.000003
0.000000
0.002746
0.010783
0.000000
0.000559
0.000003
0.001780
0.000105
0.000013
0.001240
0.145674
0.000001
0.000010
0.000003
0.052849
0.000551
0.042020
0.000482
0.000288
0.000000
1.322282
0.000003
0.000000
0.000000
0.000000
0.000010
0.001254
0.000258
0.000252
0.000000
0.000000
0.000004
0.312702
0.000009
0.000005
0.000000
0.000952
0.000082
0.007823
0.000094
0.000000
0.000000
0.000034
0.000002
0.000007
0.025755
0.029177
0.000005
0.000342
0.000016
0.000049
0.026609
5.096521
0.000000
0.002171
0.000014
0.000005
0.000112
0.000045
0.000004
0.000103
0.000042
0.000000
0.000001
0.000213
0.000002
0.001135
0.018635
0.018861
0.000044
0.000754
0.000517
0.001124
1.051072
0.000000
0.000002
0.000000
0.000000
0.000000
0.000001
0.000024
0.000043
0.000000
0.000094
0.000000
0.001146
0.000003
0.105125
0.000013
0.000000
0.000000
0.000000
0.000016
0.000000
0.000000
0.000167
0.000003
0.000000
0.000001
0.000000
0.000001
0.000000
0.000002
0.000000
0.000000
0.000010
0.000008
0.000000
0.000145
0.000000
0.042792
0.013990
0.095510
0.000000
1.428037
0.000000
0.000000
0.000000
0.000000
0.000000
0.001465
0.000000
0.000000
0.000000
0.000000
0.000000
0.000000
0.000016
0.000000
0.000000
0.000000
0.000000
0.020823
0.000000
0.000000
0.000000
0.002542
0.000000
0.000000
0.000000
0.000001
0.000000
0.917901
0.000000
0.000000
0.000000
0.000000
0.000000
22.708233
0.000000
0.000000
0.000000
0.000000
0.000000
0.000000
0.000000
0.000000
0.000000
0.000000
0.000000
0.000000
0.000000
0.000000
0.000000
0.000000
0.000000
0.000000
0.000000
0.000000
0.000000
0.000000
0.000000
0.000000
0.000000
0.000000
0.000000
0.000000
0.000000
0.000000
0.000000
0.000000
0.000000
0.000378
0.000000
0.000000
0.000000
0.000000
0.000000
0.000000
0.000000
0.000000
0.000000
0.000000
0.000000
0.000000
0.000000
0.000000
0.000000
0.000000
0.000000
0.000000
0.000000
0.000000
0.000000
0.000000
0.000000
0.000000
0.000000
0.000000
0.000000
0.000000
0.000000
0.000000
0.000000
0.000000
0.000000
0.000000
0.000000
0.000000
0.000000
0.000000
0.000000
0.000000
0.000000
0.000000
0.000000
0.000000
0.000000
0.000000
0.000000
0.000000
0.000000
0.000000
0.000000
0.000000
0.000000
0.000000
0.000000
0.000000
0.000000
0.000000
0.000000
0.000000
0.000000
0.000000
0.000000
0.000000
0.000000
0.000000
0.000000
0.000000
0.000000
0.000000
0.000000
0.000000
0.000000
0.000000
0.000000
0.000000
0.000000
0.000000
0.000000
0.000000
0.000000
0.000000
0.000000
0.000000
0.000000
0.000000
0.000000
0.000000
0.000000
0.000000
0.000000
0.000000
