1 1
2 2
3 3
4 4
4 5
5 6
5 7
6 8
6 9
7 10
7 11
8 12
8 13
9 14
9 15
10 16
10 17
11 18
11 19
12 20
13 21
14 22
14 23
15 24
16 25
17 26
18 27
19 28
20 29
20 30
21 31
22 32
22 33
23 34
23 35
24 36
24 37
25 38
26 39
26 40
27 41
28 42
29 43
30 44
31 45
32 46
33 46
34 47
35 47
36 48
37 49
38 49
39 50
40 51
41 52
41 53
42 54
42 55
43 56
44 57
45 58
46 58
47 59
48 60
49 61
50 62
51 63
52 64
53 65
54 66
55 67
56 68
57 69
58 70
59 71
60 72
61 73
62 74
63 74
64 75
65 76
66 76
67 77
68 77
69 78
70 78
71 79
72 79
73 80
74 81
75 81
76 82
77 82
78 83
79 83
80 84
81 84
82 85
83 85
84 86
85 86
86 87
87 87
88 88
89 88
90 89
91 89
92 90
93 90
94 91
95 91
96 92
97 92
98 93
99 93
100 94
101 94
102 95
103 95
104 96
105 96
106 97
107 97
108 98
109 98
110 99
111 99
112 100
113 100
114 101
115 101
116 102
117 102
118 103
119 103
120 104
121 104
122 105
123 105
124 106
125 107
126 108
127 109
128 110
129 111
129 112
130 113
130 114
131 115
132 116
133 117
134 118
135 119
136 120
137 121
138 122
139 123
140 124
141 125
141 126
142 127
143 128
144 129
145 130
146 131
147 132
148 133
149 134
150 135
151 136
152 137
153 138
154 139
155 140
156 141
156 142
157 143
157 144
158 145
159 146
159 147
160 148
160 149
161 150
161 151
162 152
162 153
163 154
163 155
164 156
165 157
166 158
167 159
168 160
169 161
170 162
171 163
172 164
173 165
174 166
175 167
175 168
176 169
177 170
177 171
178 172
179 173
180 174
180 175
181 176
182 177
183 178
184 179
185 180
186 181
187 182
187 183
188 184
189 185
190 186
191 187
192 188
193 189
194 190
195 190
196 191
197 192
198 192
199 193
200 193
201 194
202 194
203 195
204 196
205 197
206 198
