1 1
2 2
3 3
3 4
4 5
4 6
5 7
5 8
6 9
6 10
7 11
7 12
8 13
8 14
9 15
9 16
10 17
10 18
11 19
11 20
12 21
12 22
13 23
14 24
15 25
16 26
17 27
18 28
18 29
19 30
19 31
20 32
21 33
21 34
22 35
22 36
23 37
24 38
24 39
25 40
26 41
27 42
28 43
29 44
30 45
31 46
32 46
33 47
34 48
35 49
36 49
37 50
38 51
39 52
40 53
41 54
41 55
42 56
43 57
44 58
45 59
46 59
47 60
48 61
49 62
50 63
51 64
52 65
52 66
53 67
54 68
55 69
55 70
56 71
57 72
58 73
59 74
60 74
61 75
62 76
63 76
64 77
65 77
66 78
67 78
68 79
69 79
70 80
71 80
72 81
73 82
74 83
75 84
76 85
77 85
78 86
79 86
80 87
81 87
82 88
83 88
84 89
85 89
86 90
87 90
88 91
89 91
90 92
91 92
92 93
93 93
94 94
95 94
96 95
97 95
98 96
99 96
100 97
101 97
102 98
103 98
104 99
105 99
106 100
107 100
108 101
109 101
110 102
111 102
112 103
113 104
114 105
115 106
116 107
117 108
118 109
119 110
120 111
121 112
122 113
123 114
124 115
125 115
126 116
127 116
128 117
129 117
130 118
131 118
132 119
133 119
134 120
135 120
136 121
137 121
138 122
139 122
140 123
141 123
142 124
143 124
144 125
145 125
146 126
147 126
148 127
149 127
150 128
151 128
152 129
153 129
154 130
155 130
156 131
157 131
158 132
159 132
160 133
161 133
162 134
163 134
164 135
165 135
166 136
167 136
168 137
169 138
170 138
171 139
172 139
173 140
174 140
175 141
176 142
177 143
178 144
179 145
180 145
181 146
182 147
183 147
184 148
185 149
186 150
187 151
188 152
189 153
190 154
191 155
192 155
193 156
194 156
195 157
196 157
197 158
198 158
199 159
200 159
201 160
202 160
203 161
204 161
205 162
206 162
207 163
208 164
209 164
210 165
211 165
212 166
213 167
214 168
215 169
216 170
217 170
218 171
219 172
220 173
221 173
222 174
223 174
224 175
225 175
226 176
227 176
228 177
229 177
230 178
231 178
232 179
233 179
234 180
235 180
236 181
237 181
238 182
239 183
240 183
241 184
242 184
243 185
244 185
245 186
246 187
247 188
248 189
249 190
250 190
251 191
252 191
253 192
254 192
255 193
256 194
257 194
258 195
259 196
260 197
261 198
