1 1
2 2
3 3
3 4
4 5
5 6
6 7
7 8
7 9
8 10
8 11
9 12
9 13
10 14
10 15
11 16
11 17
12 18
13 19
14 20
14 21
15 22
15 23
16 24
16 25
17 26
18 27
19 28
20 29
21 30
22 31
23 32
24 33
25 34
25 35
26 36
27 37
28 38
29 39
30 40
31 41
31 42
32 43
33 44
34 45
35 46
36 46
37 47
38 48
39 49
40 49
41 50
42 50
43 51
44 52
45 53
45 54
46 55
47 56
48 57
49 58
50 59
50 60
51 61
52 62
53 63
54 63
55 64
56 65
57 66
57 67
58 68
59 69
60 70
61 71
62 72
63 73
64 74
65 74
66 75
67 76
68 76
69 77
70 77
71 78
72 78
73 79
74 79
75 80
76 81
77 82
78 83
79 84
80 84
81 85
82 85
83 86
84 86
85 87
86 87
87 88
88 88
89 89
90 89
91 90
92 90
93 91
94 91
95 92
96 92
97 93
98 93
99 94
100 94
101 95
102 95
103 96
104 96
105 97
106 97
107 98
108 98
109 99
110 99
111 100
112 100
113 101
114 101
115 102
116 102
117 103
118 104
119 105
120 106
121 107
122 108
123 109
124 110
125 111
126 112
127 113
128 114
129 114
130 115
131 115
132 116
133 116
134 117
135 117
136 118
137 118
138 119
139 119
140 120
141 120
142 121
143 121
144 122
145 122
146 123
147 123
148 124
149 124
150 125
151 125
152 126
153 126
154 127
155 127
156 128
157 128
158 129
159 129
160 130
161 130
162 131
163 131
164 132
165 132
166 133
167 133
168 134
169 135
170 136
170 137
171 138
172 139
173 140
174 141
175 142
176 143
176 144
177 145
177 146
178 147
179 148
180 149
181 150
181 151
182 152
183 153
184 154
185 155
186 156
186 157
187 158
187 159
188 160
188 161
189 162
190 163
190 164
191 165
192 166
193 167
194 168
195 169
196 170
197 171
198 172
199 173
200 174
201 175
201 176
202 177
203 178
204 179
205 180
205 181
206 182
206 183
207 184
207 185
208 186
209 187
210 187
211 188
212 189
213 190
214 191
215 192
216 192
217 193
218 193
219 194
220 194
221 195
222 195
223 196
224 196
225 197
226 198
