1.8267 -1.638 -1.4576 -1.3029 0.1045 1.3837 -0.89005 0.59372 0.69557 0.47019 0.63863 -0.43496 -0.66824
2.1775 -4.0097 -3.2364 -2.4946 -0.95919 0.63974 -1.7932 0.068053 0.45075 -0.31889 0.32218 -0.37918 -0.40761
-0.1352 -3.0569 -3.3507 -2.7849 -1.385 0.72217 -1.7305 -0.24446 0.14894 -0.023311 0.10971 -0.31641 -0.70568
0.70657 -3.203 -3.4835 -3.6542 -1.9587 0.41449 -1.4644 -0.58676 -0.22388 -0.56768 0.098879 -0.28639 -0.46591
0.27292 -2.4195 -3.3421 -4.0437 -1.8794 0.83799 -2.3527 -0.20176 -0.75664 -0.46769 0.21935 0.35736 0.10998
0.94645 -3.6225 -2.9912 -3.0254 -1.1681 0.67325 -2.2789 -0.44345 -0.15002 0.1187 0.45423 0.010466 0.91393
0.24091 -4.1373 -3.4868 -3.506 -2.0611 -0.031042 -3.1064 -0.78812 -0.10555 0.24373 1.3252 1.7907 1.594
1.9673 -4.1355 -3.9298 -1.8039 -2.3961 -0.61503 -1.924 -0.66121 -0.6584 0.21767 1.7665 2.0529 0.99724
1.1783 -3.8447 -3.7124 -2.1357 -2.9113 -0.40108 -1.5563 -1.2782 -0.21016 0.47171 1.9537 2.4207 1.4422
0.87741 -3.9377 -3.5273 -2.5111 -3.0977 -0.20088 -1.643 -1.498 0.17378 0.77717 1.0259 2.7951 1.4779
0.991 -3.8506 -3.1804 -2.3946 -2.8426 -0.19531 -2.2243 -1.4456 0.22469 0.38676 1.089 2.4249 1.319
0.69375 -4.0017 -3.4693 -2.4972 -2.5893 -0.86033 -2.2522 -1.0016 -0.19067 0.41145 1.2116 1.9876 1.4759
1.3646 -4.125 -3.1906 -2.3371 -2.4821 -0.70781 -2.6122 -0.55711 -0.38804 0.32297 1.6003 1.916 1.3523
1.2356 -4.6295 -3.6324 -2.1988 -2.701 -0.80125 -2.456 -0.46329 -0.41008 0.10752 1.7789 1.4677 1.2827
0.81315 -4.7267 -3.4223 -2.506 -3.3515 -0.75087 -2.8384 -1.3512 0.02491 0.12713 1.8018 2.1035 1.2024
0.57552 -4.488 -3.0201 -2.7948 -2.9758 -0.47079 -3.034 -1.0493 0.16284 0.097898 1.7973 2.0636 1.3619
0.86095 -3.9044 -3.3428 -2.2932 -2.6902 -0.46944 -3.089 -0.71853 0.13134 0.23214 1.9148 1.696 1.6948
0.91212 -4.4671 -3.461 -2.2321 -3.2849 -0.16948 -2.4808 -0.88621 0.22101 0.60266 1.6987 1.8462 1.8095
1.0722 -4.3257 -2.6613 -2.8189 -2.6862 -0.42311 -2.446 -0.97429 0.18929 0.34622 2.1942 1.9817 1.4953
1.0121 -4.3166 -2.9064 -2.6642 -2.636 -0.6077 -2.1444 -1.2414 0.32948 0.21779 1.977 2.3445 1.2743
0.26812 -4.0967 -3.6987 -2.5209 -2.2611 -0.63147 -2.0153 -1.2284 0.66917 0.094799 1.7397 1.6476 0.98019
1.6634 -5.5937 -3.1113 -2.5776 -2.9211 -0.28015 -2.1171 -1.1908 0.1218 -0.2757 2.6263 1.7714 1.3
0.59664 -5.4325 -3.4905 -2.851 -2.7236 -0.15274 -2.3032 -1.3304 0.43669 -0.36521 2.5557 1.7551 1.2464
1.4149 -6.1633 -3.8687 -2.4692 -2.9974 -0.37545 -2.1195 -1.5568 0.38709 -0.74518 2.4689 1.6342 0.71236
1.1529 -6.0564 -4.5415 -2.1278 -3.1233 -0.8257 -1.9821 -1.4218 0.026394 -0.47162 2.6524 1.5355 0.96604
1.1732 -5.5789 -4.3415 -1.8785 -3.1657 -0.52857 -2.4313 -1.2462 0.12118 -0.0035278 3.0899 2.0736 1.4318
1.8938 -5.6908 -4.0614 -2.0177 -2.6331 -0.67018 -1.8442 -0.70299 -0.22037 -0.069268 3.3924 1.7421 1.19
1.5773 -5.336 -3.1394 -2.2914 -2.431 -0.56442 -2.1046 -0.8066 -0.097968 0.12408 3.4261 1.6385 1.4022
1.9895 -5.4791 -3.3297 -1.7174 -2.4351 -0.37261 -2.1085 -0.47473 0.10484 0.26023 2.8885 1.9221 1.1064
2.4854 -5.6912 -3.355 -1.4932 -2.8179 -0.37326 -2.0189 -0.47065 0.065565 0.28181 3.0826 2.0758 1.2206
2.2863 -5.6992 -3.1209 -1.9313 -2.5781 -0.22759 -2.0332 -0.46555 0.024087 0.36621 3.0381 1.6944 1.2761
2.3417 -5.9159 -2.8592 -2.7197 -2.4745 -0.10893 -2.2404 -0.32825 0.053671 0.079209 3.3204 1.7518 1.1637
1.8287 -6.3377 -2.4522 -3.059 -2.679 -0.43384 -2.3122 -0.63858 -0.29431 0.59477 3.338 1.7947 1.5195
1.3941 -6.1706 -3.2104 -3.0172 -3.2871 -0.32993 -2.299 -1.0339 0.096445 0.37423 3.3278 2.289 1.6269
1.4717 -6.562 -3.3019 -2.5688 -3.5275 -0.97872 -2.4193 -1.0973 -0.61577 0.45471 3.3696 1.6561 1.1316
1.7046 -7.2051 -2.8754 -2.8894 -3.3269 -0.46072 -2.3348 -0.64732 -0.56571 0.38619 3.1429 1.6005 1.4389
2.2744 -6.7258 -3.2534 -2.5548 -2.5344 -0.83164 -1.7239 -0.4526 -0.47938 0.34743 3.1345 1.5448 1.3778
2.4693 -6.3435 -2.4225 -2.3966 -2.636 -0.37744 -1.9806 -0.41298 -0.58262 0.38442 3.5197 1.4984 1.2242
2.2549 -5.6525 -2.3085 -2.2482 -2.2869 -0.40313 -2.1958 -0.69593 -0.30359 0.31189 3.4933 1.7018 1.2796
1.9997 -5.682 -2.9218 -1.9653 -2.5753 -0.0075632 -1.929 -0.59238 0.0084998 0.25173 3.0091 1.6878 1.041
2.2879 -5.6459 -2.7836 -2.2525 -2.1977 -0.35708 -1.5873 -0.88083 0.083582 0.01246 3.201 1.6821 1.0098
2.3313 -5.2799 -2.9621 -2.3962 -1.9742 -0.56041 -2.0476 -1.0267 -0.19234 0.20496 3.3994 1.7259 1.146
2.1032 -5.0399 -4.0692 -2.0291 -2.1753 -0.46222 -2.2701 -0.73297 -0.22634 0.032391 3.1336 1.7056 1.319
1.8223 -5.2967 -4.0394 -2.2394 -2.4172 -0.73026 -1.8638 -0.87536 -0.56811 0.33609 3.3402 1.9029 1.1901
1.9156 -5.5836 -4.3252 -2.0077 -2.3848 -0.73522 -2.0725 -1.0512 -0.070105 0.059161 2.9842 2.0325 1.4496
1.4817 -5.2177 -4.2153 -2.36 -2.0953 -0.8905 -2.1995 -1.3471 0.052605 -0.046745 3.1025 2.0541 1.4662
1.6214 -4.951 -4.2934 -2.7911 -1.7883 -0.57987 -2.3245 -1.5527 0.23214 0.037471 2.5037 2.1469 1.3407
1.498 -4.8354 -4.8154 -2.3502 -2.5265 0.022522 -2.3249 -1.4781 0.2149 -0.02798 2.4001 2.1827 1.1592
1.1386 -4.3461 -4.5393 -2.4966 -2.5661 -0.12255 -1.8921 -1.8564 0.17045 0.057326 2.5484 2.0922 1.2589
1.0579 -3.9676 -4.789 -2.2802 -2.6158 -0.067466 -2.2324 -1.6141 0.19016 -0.0011452 2.9583 2.262 0.9455
1.1638 -4.0152 -4.1369 -2.7159 -2.4604 -0.010244 -1.9654 -2.1088 0.17635 0.304 2.2957 2.5728 0.78109
1.751 -5.0458 -3.6368 -2.4583 -2.866 0.11637 -1.4684 -2.3037 0.28798 0.43973 2.0429 2.6818 0.89765
0.9344 -3.8219 -4.2913 -2.3638 -2.5187 0.16992 -1.9563 -2.054 0.21159 0.59418 1.9718 2.6581 0.61953
1.0618 -3.3638 -4.348 -2.8975 -2.0715 -0.018777 -1.3344 -2.2069 0.28043 0.24939 2.0878 2.5156 0.39168
1.2603 -3.849 -4.2432 -2.8721 -2.2069 -0.077286 -1.4959 -2.1074 0.27981 0.20049 2.0474 2.3512 0.58173
1.4516 -4.1931 -4.4279 -2.2412 -2.8004 -0.040808 -1.3846 -2.0967 0.24591 0.37328 2.2031 2.2249 0.81001
1.306 -3.4525 -4.2927 -2.5478 -2.2973 -0.26607 -2.0088 -1.7183 -0.18593 0.4191 2.8752 1.7419 1.0052
1.0074 -3.5288 -4.2507 -2.7738 -2.7268 -0.63932 -2.2156 -1.2708 -0.34675 0.51728 2.962 1.8762 0.62194
0.73586 -3.354 -4.5365 -2.6053 -3.2052 -0.22155 -2.6406 -0.73942 -0.22009 0.56823 3.0008 2.0286 0.95225
0.48056 -3.6182 -4.5596 -2.7385 -3.3327 0.15432 -2.9827 -0.51212 -0.59079 1.0341 2.02 2.0234 0.96616
0.35057 -4.2013 -4.9258 -3.0554 -3.0133 -0.68461 -2.8349 -0.2622 -1.1116 0.83018 2.3861 2.1981 0.66362
0.1137 -3.4755 -5.0415 -3.3234 -2.806 -0.94561 -2.3457 -0.91501 -0.46598 0.65487 2.9472 1.9333 1.0789
0.42288 -2.9965 -4.8107 -2.9933 -2.5597 -0.51444 -2.191 -0.7235 -0.018404 0.79216 2.72 1.8843 0.98801
0.80707 -2.899 -4.1463 -2.7806 -2.3356 -0.83745 -2.3844 -0.38313 -0.36313 1.0763 2.9484 1.9738 0.9834
1.207 -3.413 -3.6657 -2.8039 -2.9089 -0.27127 -1.7919 -1.06 0.069093 1.1744 2.3824 2.6056 0.48167
1.5088 -3.1499 -3.5731 -2.8553 -2.6112 -0.3853 -1.8872 -0.95733 -0.034463 0.96138 2.6666 2.3161 0.61458
1.0892 -2.3955 -4.1687 -2.5845 -2.5024 -0.46602 -1.7854 -1.1716 -0.084125 0.90804 2.7328 2.453 0.59292
0.84596 -2.4481 -4.2193 -2.677 -2.6874 -0.047558 -2.4556 -0.73818 -0.29896 1.0367 2.7361 2.3421 0.82745
1.3516 -3.1102 -3.6633 -3.3164 -2.1221 -0.33912 -2.2509 -0.57271 -0.57895 0.93553 2.6497 2.0245 1.1019
1.395 -3.2458 -3.7291 -3.1518 -2.7332 0.41808 -2.5784 -0.6537 -0.51033 0.98531 2.5942 2.3319 1.1699
1.4406 -2.9715 -3.9722 -2.7691 -2.5888 0.16826 -3.0403 -0.36376 -0.64976 0.88451 2.7513 2.3843 1.1418
1.3704 -3.0053 -3.6984 -3.0336 -2.526 0.47467 -2.7776 -0.54441 -0.63561 0.67729 2.1989 2.1979 0.9097
1.1486 -3.6309 -3.7248 -2.7909 -2.5094 -0.082329 -2.6463 -0.26081 -0.65801 0.6376 2.1965 1.9873 1.0541
0.98445 -3.8209 -3.8538 -2.7068 -3.003 -0.0028094 -2.4642 -0.35748 -0.93759 0.71501 2.1176 2.0462 0.99068
-0.78396 -4.887 -2.7447 -3.0056 -2.5254 -0.30631 -2.2748 -0.14532 -0.3163 0.14942 1.5665 1.3612 1.1787
-1.6398 -5.0302 -4.1398 -3.1496 -1.6331 -0.10529 -2.496 -0.82715 -1.4276 0.10798 1.5325 1.3514 1.1802
-1.6808 -4.2528 -3.8783 -2.4742 -0.69338 0.30324 -1.5577 -1.1047 -0.74366 0.16484 1.7023 1.2747 1.151
-1.0709 -4.7606 -3.6755 -2.0175 -0.55108 -0.12852 -1.5056 -0.74297 -1.2486 0.30285 1.8157 1.7397 1.0623
-1.7426 -3.8732 -4.054 -1.4591 -0.51776 0.34581 -1.1765 -1.1819 -0.51512 0.54006 1.2331 1.152 1.0657
-2.4114 -3.4723 -4.2592 -1.778 -0.41608 0.24436 -1.4003 -0.93688 -0.38185 0.37041 1.8733 1.1208 1.0978
-2.2052 -3.545 -3.8371 -1.7348 -0.42994 -0.15564 -1.199 -1.2588 -0.74927 0.40891 1.9573 1.2165 0.98312
-2.429 -3.6162 -4.6268 -1.5227 -0.25722 -0.5196 -2.0455 -0.74336 -0.31877 -0.36446 1.8971 2.1375 1.5321
-3.255 -3.6091 -4.7953 -1.5851 0.018127 -0.82352 -2.2187 -0.71404 0.28694 -0.44393 1.5434 1.9256 1.8279
-3.3854 -4.2093 -4.2767 -1.3024 -1.1031 -0.77643 -1.6191 -1.651 0.30889 -0.34178 1.7414 1.6568 1.9497
-2.2887 -4.7399 -4.7873 -1.3457 -0.8624 -1.4664 -1.9577 -0.84633 -0.44513 -0.65456 2.6317 1.9794 1.3578
-3.3869 -3.3779 -3.981 -2.1787 0.40596 -0.9651 -2.1267 -0.62974 0.3099 -0.62521 1.9413 1.364 1.0756
-2.8235 -3.6507 -3.4314 -1.7746 -0.20217 -0.39352 -2.2525 -0.46218 0.55963 -0.4281 2.443 2.0814 1.1211
-2.7781 -4.3218 -3.8015 -1.6786 -1.1952 -0.0047096 -1.9816 -0.6821 0.38788 0.15322 2.0128 2.2427 1.0938
-2.9525 -2.9388 -3.5391 -2.0524 -0.44002 0.18572 -2.3055 -0.046053 0.29607 -0.30116 3.0346 2.2283 0.84079
-3.6573 -3.4506 -3.4249 -2.9449 -0.67098 -0.25568 -2.0859 -0.81226 0.14949 -0.064421 2.8564 1.9044 1.0467
-3.9061 -2.9921 -3.447 -2.7612 -1.0698 0.42199 -2.0485 -0.93868 -0.01292 0.12567 2.6059 1.6955 0.49073
-4.0505 -3.2768 -3.2219 -3.691 -0.48582 0.17961 -1.7354 -1.2468 0.3817 0.27968 2.2873 1.3403 0.4035
-5.0437 -3.4883 -4.0668 -4.1302 -1.4865 -0.20422 -2.9767 -1.4836 -0.15266 0.45998 3.3351 1.5275 0.83916
-3.8722 -2.0982 -2.7437 -3.0639 -0.48904 0.45108 -1.9826 -0.59201 -0.37138 1.251 3.0097 1.582 0.86435
-3.7499 -2.9955 -3.3389 -3.9157 -1.0342 0.35735 -1.9056 -1.0568 0.011375 0.61857 2.8131 1.6037 0.5779
-3.5236 -1.9326 -2.8124 -2.9812 -0.588 0.61661 -2.1124 -0.72498 0.22817 1.2268 2.7642 1.4066 0.36678
-3.7718 -3.4065 -2.7488 -4.0352 -1.7654 0.31511 -2.3896 -0.71324 -0.062963 0.81589 3.5882 1.4828 1.2818
-3.5095 -2.2499 -2.4823 -3.9474 -1.284 0.2237 -2.3471 -0.49239 0.041282 -0.0040769 3.3869 1.9787 0.85773
-3.397 -3.2225 -3.1472 -3.0896 -2.3168 -0.19243 -2.1721 -0.76207 -0.24995 0.26416 2.6539 2.008 1.3642
-2.4427 -1.597 -1.7307 -3.9186 -2.3707 0.6651 -2.0162 -1.1506 -0.36803 0.31384 1.9491 0.76277 0.8106
-2.4507 -2.0498 -1.8678 -4.1514 -2.4698 0.61629 -1.931 -1.7939 0.039202 0.21985 2.4982 1.9868 0.060383
-1.2948 -1.2205 -2.398 -3.9596 -2.1327 1.2604 -2.0775 -1.1771 -1.0731 0.00683 2.541 0.61156 0.24309
-0.62672 -1.4265 -2.7417 -4.0905 -1.5608 0.59249 -2.0999 -0.67718 -0.59951 -0.15281 1.9397 0.70011 0.8469
-0.49733 -1.0472 -2.3815 -3.558 -1.4231 0.56922 -2.7262 -1.3004 0.67476 0.13151 1.3728 0.75638 0.87072
-2.1562 0.16384 -1.5281 -2.2668 0.23621 1.3923 -0.48759 0.40991 -0.062 -0.51152 1.2642 -1.1393 -0.11461
-2.0413 -0.91076 -2.3652 -1.727 0.50002 2.1622 -1.2949 0.17241 -0.92541 -1.0349 1.3123 -1.0735 -0.17272
-2.976 -0.23657 -0.85184 -0.8543 -0.016147 1.3955 -0.97977 -0.38261 -0.054578 0.49872 0.88916 -1.7945 -0.065563
-0.99669 0.21886 -1.4597 -2.3993 -0.19659 0.9391 -0.89327 -0.24302 -0.28741 0.36582 1.894 -1.6095 -0.57875
-1.7784 -1.0684 -0.94297 -0.90314 -0.76157 2.2711 -1.0334 0.092005 0.093735 -0.38123 1.9998 -0.11241 -0.26272
-1.6191 -0.84099 -1.2621 -1.8827 0.40105 2.0904 -0.4513 0.22306 -0.61835 -0.94399 0.80287 -1.0332 0.39355
-2.3999 -0.20067 -1.3203 -1.3525 0.93997 1.7918 -0.92292 -0.66077 -0.69857 0.11776 1.8124 -0.85945 0.22009
-1.774 0.56272 -0.64811 -1.3603 0.0065076 2.1705 -1.4456 -0.62121 -0.21414 0.24261 2.0192 -1.2834 0.48752
-0.43509 -0.19788 -1.5288 -1.637 -0.21484 0.91071 -0.8468 0.52334 -0.23241 -0.95606 2.1314 -0.63796 0.1921
-1.3817 -0.45081 -0.6931 -1.876 0.48637 2.2806 -1.2758 0.12161 -0.60882 -0.29202 1.3533 -0.35751 0.082207
-0.53778 0.93408 -0.53829 -1.325 0.47653 0.33003 -1.8921 -0.095455 0.75937 -0.57182 1.7463 -0.84025 -0.064239
-2.2852 -1.1875 -0.96789 -1.4593 0.12482 2.1292 -0.75222 -1.0694 0.10611 -0.55157 1.6305 -0.34231 -0.1752
-1.3978 -0.4759 -0.86339 -1.3919 -0.17475 1.3917 -1.1091 -0.23192 0.090178 -0.020392 1.142 -0.18035 0.18918
-1.5965 -1.0874 -1.0794 -2.2016 -0.22944 1.9766 -1.1853 -0.58196 0.032937 -0.18399 0.46772 -0.26316 0.59963
-2.4579 -0.515 -0.91695 -2.6329 -1.0022 1.4313 -1.5229 -0.54334 0.041127 -1.0272 -0.25356 -0.35597 -0.0052494
-1.57 -0.4604 0.324 -2.7301 -1.4804 1.8167 -0.58741 -0.02418 0.37133 -0.94299 0.46796 -0.2942 0.75233
-2.3629 0.010834 1.055 -1.7246 -0.037715 2.349 -1.661 -0.55953 -0.62532 -0.50099 0.42325 -0.29182 0.53514
-2.5058 -0.17578 -0.53845 -1.4437 -0.71718 2.7912 -0.029103 -0.66352 0.18422 -0.098492 0.66911 -0.42449 0.20026
0.90266 -1.3873 -1.6295 -2.9661 -1.5479 1.3561 -1.0208 0.31451 0.3945 -0.20202 0.26408 0.15808 -0.03169
0.9691 -2.3778 -3.0878 -4.6322 -2.737 0.7887 -1.6405 0.63202 1.3895 0.5507 1.2033 0.052257 -0.90323
1.3384 -2.2662 -3.9948 -3.9741 -2.188 -0.27532 -1.6489 0.0597 0.93555 0.39154 0.74175 -0.039612 -0.74936
0.69446 -3.1372 -3.0145 -2.7124 -2.768 0.53607 -2.303 -1.1282 0.060191 -0.49769 1.2647 1.3867 0.7328
0.50902 -3.2052 -3.9367 -3.5969 -3.3465 -0.65906 -2.9744 -1.243 -0.11642 -0.74232 1.2686 1.6164 0.51583
2.4583 -3.0388 -4.0797 -2.9633 -1.6214 -0.48274 -3.4651 -0.44001 0.34178 -0.14652 1.16 1.7719 1.4827
2.2196 -3.4621 -3.9146 -3.3498 -2.0047 -0.28021 -3.9216 -0.31353 0.50478 -0.35457 1.4044 1.9505 1.6393
1.7875 -3.4859 -3.5315 -3.4747 -2.0536 -0.3837 -3.4791 -0.45313 0.3131 0.081493 1.4193 2.0917 1.6519
0.93209 -3.266 -3.5396 -3.4861 -2.282 -0.64127 -2.9153 -0.63031 0.022749 0.26682 1.797 1.9339 1.748
0.87412 -3.2523 -3.0622 -3.7074 -2.5166 -0.13882 -3.3153 -0.5351 -0.071009 0.34339 1.5047 2.4124 1.1135
0.83458 -3.7386 -2.4725 -3.8939 -2.5843 0.025534 -2.7707 -0.84207 0.025209 0.54901 1.4629 1.9569 1.4695
0.25615 -3.0537 -1.8157 -4.0237 -2.2266 -0.3434 -2.5675 -0.54999 -0.35306 0.91077 1.8604 2.6623 0.94241
0.21419 -2.8071 -2.0952 -3.8196 -2.3415 -0.039656 -2.5452 -0.874 0.093434 0.99987 1.8155 3.0015 0.65647
0.013496 -2.9982 -2.1147 -4.3077 -1.8607 -0.14463 -2.4174 -0.61623 0.15166 0.86211 1.9006 2.233 0.69841
-1.3832 -2.9573 -3.4105 -3.3756 -0.88594 -0.605 -2.1962 0.21886 -0.20529 1.1257 1.7591 1.9871 0.65734
-0.45026 -2.0503 -4.4067 -2.4587 -1.1141 -0.81036 -1.9763 -0.59373 -0.6456 0.52648 2.8893 2.1408 1.0865
-0.29376 -2.8966 -3.8268 -2.2596 -1.4424 -0.76184 -1.8547 -0.86129 -0.79602 1.2525 2.4567 2.2192 1.425
0.017005 -3.6264 -3.925 -2.0564 -1.7945 -0.81826 -1.3993 -1.0175 -0.6763 1.4422 1.9418 2.6333 1.4684
0.12895 -4.6616 -3.7101 -2.0602 -2.2918 -0.62126 -1.3484 -1.4321 -0.25815 0.8456 2.195 3.0534 0.86717
0.20538 -4.8481 -3.2987 -1.881 -2.401 -0.44554 -1.2039 -2.2613 0.43965 0.3484 2.5776 2.8834 0.84279
0.31297 -5.6656 -2.99 -1.6097 -2.6351 -0.047568 -1.5201 -1.8564 0.26039 0.38334 2.5307 2.4363 1.1487
0.34426 -5.1461 -2.8822 -1.6579 -2.2711 0.16589 -1.4851 -1.6839 -0.10574 0.39838 2.6312 2.3031 1.5043
1.2264 -5.2308 -2.8455 -1.6415 -2.0054 -0.00068225 -1.3021 -1.7562 -0.11048 0.35357 2.7909 2.3191 1.4466
0.93498 -5.2041 -2.7659 -1.8547 -1.7785 -0.034071 -1.4821 -1.3773 -0.26465 0.33037 3.0421 1.9499 1.7623
0.92675 -4.9472 -3.2724 -1.3453 -2.4198 0.39447 -1.2547 -1.9464 0.22055 0.15979 2.8777 2.1995 1.1938
0.99816 -5.5558 -2.7773 -1.8733 -1.7517 -0.043012 -1.1715 -1.7911 0.305 0.018971 2.6773 2.048 1.2227
1.106 -4.9944 -3.3403 -1.6248 -1.9626 0.012858 -1.082 -1.7535 -0.21784 0.27992 2.7703 2.3995 1.3986
0.64893 -5.2426 -3.0323 -1.8795 -1.7503 -0.039374 -0.98739 -1.8133 -0.40637 0.66919 2.1471 2.2714 1.5276
0.88294 -5.2954 -2.9767 -1.8004 -1.888 0.27654 -1.2532 -1.9475 -0.23996 0.53872 2.4754 2.2166 1.5463
0.66913 -4.6993 -3.5671 -1.3918 -2.0166 0.16592 -0.96863 -2.0757 -0.234 0.39965 2.5883 2.3596 1.292
0.44161 -4.8724 -3.7755 -1.4782 -2.0189 0.32369 -0.94566 -1.9456 -0.24806 0.58232 2.2601 2.152 1.1792
0.58266 -4.7441 -3.2176 -2.1305 -1.2469 -0.10022 -0.91667 -2.0173 -0.52085 0.60352 2.1464 2.4629 1.0552
0.60976 -5.1753 -3.3146 -1.5178 -2.1219 0.40674 -0.51174 -2.6652 -0.23787 0.69391 1.8388 2.5501 1.4138
0.39805 -4.4194 -3.5303 -1.8939 -1.2379 -0.12352 -0.50668 -2.4542 -0.4257 0.67941 1.8877 2.5505 1.263
0.48036 -4.7848 -3.6625 -1.8017 -1.1821 -0.40087 -0.22115 -2.472 -0.48126 1.1451 1.5064 2.5881 1.1603
0.31769 -4.4327 -4.11 -1.6461 -1.1667 -0.3275 -0.51279 -2.2329 -0.51121 0.68304 1.7751 2.3128 1.2897
0.69363 -4.8933 -3.8571 -1.6006 -1.4751 -0.095785 -0.86886 -2.3334 -0.2749 0.50604 1.8246 2.5937 1.265
0.20272 -4.8289 -4.3646 -1.6823 -1.2704 -0.6665 -0.55846 -2.216 -0.70639 0.81939 1.4432 2.4467 1.6975
0.33098 -5.0592 -4.216 -1.8078 -1.0339 -0.59895 -0.90779 -1.8824 -0.69385 0.36889 1.7679 2.1842 1.6027
-0.037142 -4.4969 -4.2257 -1.69 -0.73822 -0.35881 -1.0902 -1.7297 -0.48366 0.26301 1.3301 2.0328 1.8364
0.74975 -5.0614 -4.2282 -1.4834 -0.51078 -0.8478 -0.90623 -1.6067 -0.79118 0.77271 1.4154 1.8026 1.8343
0.32473 -4.1389 -4.8549 -0.77494 -1.4555 0.031468 -1.3921 -1.3778 -0.76378 0.43686 1.5065 1.9919 1.8807
-0.23404 -4.4488 -4.6187 -1.6848 -1.1325 -0.45332 -1.3035 -1.4908 -1.1371 1.0228 0.93866 1.9681 2.2219
-0.72341 -5.3775 -5.089 -2.8469 -1.3655 -1.18 -1.7719 -1.8509 -1.3668 0.50303 0.83575 1.8977 2.0284
-0.40694 -4.4523 -5.1174 -2.0599 -1.913 -0.57679 -1.7108 -1.8682 -1.2869 0.75689 0.89991 2.0341 2.0938
-1.1787 -5.1612 -4.7278 -3.0464 -1.837 -0.59129 -2.0078 -1.5985 -1.2258 0.48924 1.1104 1.855 1.9198
-0.14454 -3.7939 -5.1959 -1.9214 -1.288 -0.43225 -1.742 -1.2666 -0.93572 0.80231 0.92015 1.7575 2.1232
-0.21875 -3.761 -4.9418 -1.7031 -1.675 -0.40297 -1.5888 -1.171 -1.2298 1.0609 1.1005 1.8642 2.5338
0.058391 -3.9182 -5.0435 -1.9016 -1.5852 -0.38241 -1.9734 -0.81951 -1.2013 1.1517 1.1026 2.0727 2.2934
0.40411 -3.536 -5.0216 -1.8504 -0.97364 -0.88059 -1.5885 -0.94334 -1.129 1.0083 0.65473 1.8854 2.3917
0.82926 -4.19 -5.2891 -1.6709 -1.2158 -0.99276 -1.8944 -0.79124 -0.91062 0.8353 0.53588 1.9646 2.0865
0.90286 -3.7609 -4.9091 -1.8168 -1.5424 -0.62027 -1.913 -1.0757 -0.94623 1.3117 0.41629 2.0829 1.9159
0.9473 -3.2091 -5.338 -1.7956 -1.3928 -0.43613 -2.4987 -0.89979 -0.53055 0.76443 0.89858 1.9028 2.4313
0.10132 -3.8132 -5.8164 -2.1959 -2.0165 -0.66854 -3.2335 -1.1146 -0.29325 0.31486 1.0723 1.5874 2.5526
0.82811 -3.7437 -5.941 -2.5275 -1.8659 -0.35762 -3.0738 -0.77855 -0.52636 0.5201 1.1069 1.6426 2.3521
0.66904 -3.0387 -4.6712 -2.2594 -1.858 -0.34097 -2.4632 -1.0121 -0.4057 0.11617 1.5028 1.5003 2.1288
0.93218 -3.2677 -5.0416 -2.3336 -2.0089 -0.38349 -2.6027 -0.74559 -0.33823 0.23563 1.3827 1.8549 1.6154
0.881 -3.1744 -4.5686 -2.4185 -2.2977 0.16279 -2.6555 -0.77864 -0.15716 -0.026262 1.294 1.9906 1.4978
1.1008 -2.7228 -4.0085 -2.5261 -2.0045 -0.070653 -2.7731 -0.94311 0.1992 0.19832 1.3156 2.0087 1.5769
0.73696 -3.5722 -4.5235 -2.3635 -2.4756 -0.23289 -2.9646 -0.44626 0.074987 0.56559 1.2408 2.283 1.9037
1.0027 -3.4329 -3.7123 -2.418 -2.6621 0.17955 -2.7533 -0.77 0.041063 0.37685 1.304 2.4216 1.3871
0.83275 -3.0139 -4.2072 -2.6411 -2.2832 -0.36305 -2.7002 -0.85521 -0.0015878 0.12297 1.3145 2.5441 1.3705
1.2014 -3.5226 -4.2379 -2.4929 -2.1323 -0.3206 -2.83 -1.1125 0.44804 -0.050504 0.91013 2.1426 1.4144
1.0831 -3.4927 -4.633 -2.0102 -2.7195 -0.57503 -2.6336 -1.0179 0.023621 0.086676 1.3295 2.0104 1.3509
1.2733 -3.6126 -4.2518 -2.0861 -2.7379 -0.2498 -2.9934 -0.6616 -0.14025 0.28203 1.1985 2.1127 1.4594
1.1405 -3.0699 -3.9282 -2.4573 -2.2474 -0.40918 -2.6029 -0.52343 -0.2904 -0.20001 2.0215 1.6234 1.3321
0.72322 -3.493 -4.0882 -2.4667 -2.4951 -0.4166 -3.2005 -0.015048 -0.59583 0.4262 1.9155 1.7365 1.5504
1.0055 -3.9727 -3.7231 -2.3972 -2.6424 -0.21853 -2.642 -0.46242 -0.44402 0.52962 1.4269 1.7653 1.7411
0.33636 -3.5117 -3.6678 -2.683 -3.0206 -0.059602 -2.6726 -0.87147 -0.52394 0.7257 1.586 2.1769 1.3499
0.49564 -3.48 -3.7191 -3.011 -2.9012 -0.037809 -2.7179 -1.1008 -0.34805 0.40449 1.6483 2.0852 1.1744
0.26123 -3.7635 -3.5917 -2.9973 -2.9278 -0.36481 -2.917 -1.0024 -0.38364 0.51599 2.1941 2.4539 1.0017
0.050508 -4.1768 -3.5265 -2.8182 -3.1411 -0.29603 -3.0353 -1.0139 -0.46195 0.71827 1.9387 2.4566 1.1265
-1.2574 -4.1404 -3.4056 -2.6328 -2.7393 -0.8799 -2.26 -0.90542 -0.061234 0.33641 1.6618 2.2434 1.0195
-0.50232 -3.826 -3.631 -3.2625 -2.6475 -0.063594 -2.2193 -1.0526 -0.49561 0.349 2.1781 2.2713 0.70592
-0.32979 -3.6877 -3.9437 -3.549 -2.3135 -0.28508 -2.145 -1.0485 -0.60648 0.41529 2.5692 2.3307 0.36751
-1.0291 -3.63 -4.3511 -3.6045 -2.2352 -0.66616 -2.3726 -0.87681 -0.72234 0.40837 2.8097 2.4557 0.47854
-1.2831 -3.8027 -4.4117 -3.6307 -2.5708 -0.53107 -2.7779 -1.2913 -0.7359 0.46777 3.0146 2.109 0.43469
-2.1139 -4.4836 -4.5887 -4.0018 -2.8549 -0.68151 -2.4762 -1.1988 -0.49816 0.50494 3.3807 2.2259 1.056
-1.1217 -4.5976 -3.6775 -3.9621 -2.5831 -0.5002 -2.1643 -0.85477 -0.70122 0.65242 3.3669 2.2509 0.93081
-0.8656 -4.0782 -3.5606 -3.5483 -1.8482 -0.27047 -2.3866 -0.64364 -0.26006 0.70057 2.8542 2.1355 0.51719
-0.54218 -3.2521 -3.8112 -3.5017 -1.6072 0.065249 -2.2793 -0.93031 -0.064241 1.0134 3.0697 1.6597 0.67003
-0.27358 -3.4458 -3.9564 -3.1993 -1.9548 0.32994 -2.0296 -1.1544 -0.081496 0.77069 3.4029 1.6386 0.33049
-0.14944 -2.884 -4.2543 -3.5766 -1.5377 0.77598 -2.2026 -1.0406 -0.35692 1.3277 3.5293 1.3339 0.44902
-0.3728 -2.6593 -4.0523 -3.235 -1.4119 0.81224 -2.477 -1.3124 -0.056437 1.6009 3.5802 1.3781 0.46836
-1.6894 -3.5172 -4.1302 -3.9713 -1.3114 -0.14153 -1.3305 -1.5371 -0.13288 1.3761 2.8959 1.2178 0.093357
-1.1508 -3.567 -3.8118 -3.5232 -1.3681 0.31343 -1.8497 -1.0741 0.10275 1.689 3.1172 1.3506 0.10585
-1.0055 -3.8641 -4.5321 -3.5639 -1.3073 0.1329 -2.3008 -0.65642 -0.069403 1.4327 3.1869 1.776 -0.13276
-1.4826 -3.4195 -3.9976 -2.1149 -2.1647 0.13029 -1.3551 -1.2552 0.23803 1.366 3.0442 1.7835 0.32568
-1.9275 -4.1372 -3.4045 -2.1028 -2.1352 0.08611 -1.3529 -0.86251 0.10567 1.3415 2.8738 1.1732 0.59627
-2.4256 -3.5129 -3.9791 -2.2897 -1.367 0.16268 -1.4774 -0.19453 0.38053 0.49871 2.0671 0.92702 0.56323
-2.3576 -4.0609 -4.2981 -2.3848 -1.8147 0.7256 -2.1757 0.025517 0.28067 0.37777 1.6537 0.72754 0.24378
-1.9432 -4.4906 -3.5215 -1.7317 -2.0755 -0.22013 -1.6527 0.012115 -0.33728 0.73219 2.1645 2.0129 0.46272
-2.6843 -5.562 -4.2901 -1.4475 -1.6142 -0.31136 -2.3997 0.11399 0.73046 -0.052268 0.55841 1.8627 0.13746
-2.3338 -4.2057 -4.2231 -1.3308 -1.4325 -0.05009 -1.5533 -0.00094983 0.76059 0.05783 0.14456 0.17858 -0.20167
-2.6672 -3.9381 -3.838 -1.9233 -1.1028 0.20029 -1.8876 0.079351 0.87378 -0.16952 -0.28241 -0.05824 -0.32267
-3.4097 -4.4141 -4.1314 -2.3711 -1.5271 0.19211 -0.96546 0.54441 0.39394 0.072225 -0.25667 -0.21946 -0.96371
-2.7829 -4.706 -3.2152 -1.6036 -1.5852 -0.29294 -1.1397 0.73139 -0.49823 -0.29855 0.36297 0.6786 -0.37188
-3.7064 -4.1069 -5.1876 -1.9583 -0.70651 1.7261 0.11288 0.95664 0.71066 -0.56148 0.043583 1.0765 -0.21579
-2.6444 -4.466 -4.9993 -1.9231 -0.95621 0.74071 -0.49696 0.18147 0.19337 -0.50085 0.94944 -0.024729 -0.3545
-3.0336 -4.1193 -2.6617 -1.6645 -1.5292 -0.21159 -1.8389 0.76006 0.72165 0.21406 -0.17881 0.15705 -0.45694
-2.4683 -5.3365 -2.5967 -1.3437 -0.46232 0.2581 -1.2195 0.5121 0.6533 -0.36218 -0.18305 -0.25162 0.39655
-3.7088 -3.5586 -4.2292 -1.1255 -0.51191 0.27374 -1.1437 -0.93314 0.058075 -0.84417 0.68027 -0.15343 -0.090817
-3.6282 -5.4357 -4.5349 -0.73101 -0.72355 0.80456 -1.2247 0.69163 0.6137 -0.25156 0.26589 0.72967 0.077422
-2.6367 -4.0188 -3.3986 -1.6979 -0.31299 0.2569 -1.4498 0.33905 1.1527 -0.37311 0.16395 -0.14168 -0.37
-2.9124 -3.1213 -3.4358 -2.6282 -1.4319 0.69074 -2.0591 -0.74149 0.41645 0.20361 0.1578 0.2733 0.52107
-2.1105 -3.4449 -3.8504 -1.2289 -0.34439 -0.31941 -1.3365 -0.25822 0.63274 -0.79046 -0.24405 -0.11319 -0.48235
-1.6441 -4.4608 -4.1673 -0.77232 -0.8572 -0.04917 -1.4293 -0.55056 0.71942 -0.72246 -0.537 -0.21061 -0.12571
-1.1791 -4.2629 -4.2743 -2.1067 -0.56736 0.1841 -1.4101 0.10775 0.45802 -0.79557 0.20451 -0.025976 -0.25826
-0.71814 -4.6204 -5.3142 -1.3548 -0.21234 -1.0542 -2.4304 0.32695 0.62195 -0.91861 0.70134 -0.42958 -0.3022
-0.75887 -4.1377 -4.995 -1.4658 -0.20481 0.16067 -1.7863 0.2428 1.1458 -0.84433 -0.42373 0.088359 -0.019199
-1.45 -3.92 -6.0187 -1.8254 -0.17981 -0.34999 -2.3792 0.14601 0.83533 -0.081691 0.24296 -0.08423 -0.31757
-1.2434 -2.7647 -4.3709 -1.7168 -0.8598 0.39071 -1.1864 -0.79187 1.0926 0.29895 -0.20123 -0.54947 -0.636
-1.1993 -3.8492 -4.9332 -1.3136 -1.2266 -0.7271 -1.0889 0.49496 1.4161 -0.83595 -0.21765 -0.29875 -0.4602
-2.2862 -3.7533 -4.974 -2.0672 -0.79852 -0.19019 -1.906 -0.31449 0.49986 -0.69778 0.75515 0.55736 -0.3377
-2.2162 -2.9083 -4.4941 -1.8534 -0.2936 -0.11353 -1.1605 -0.28419 0.17016 -0.7204 0.8747 0.36819 0.21161
-2.1225 -3.4275 -5.2294 -1.7694 -0.7061 -0.11347 -1.4031 -0.53538 0.21844 -0.57127 0.65288 0.62262 -0.25512
-2.2911 -3.5275 -4.8077 -1.7472 -0.73553 0.051811 -1.3968 -0.79824 0.017083 -0.44107 1.215 0.7566 0.45179
-2.5546 -3.598 -5.0786 -2.1361 -1.3036 -0.094055 -1.8154 -1.25 -0.42114 0.2059 1.8114 2.1039 0.99256
-2.5379 -3.601 -4.938 -2.1056 -1.4917 -0.4624 -1.9248 -1.6283 -0.34735 0.30354 1.8927 2.637 1.0767
-2.8305 -4.1426 -4.7307 -2.555 -1.5152 -0.72052 -1.9415 -1.4445 -0.51578 0.23033 2.1548 2.8018 1.1026
-3.2583 -4.3972 -4.5367 -1.9844 -1.5702 -0.67784 -2.0179 -1.2969 -0.3008 0.00087342 1.7143 2.34 0.63783
-2.6373 -5.7407 -4.6143 -2.0899 -2.5772 -0.40492 -1.8253 -0.92422 -0.75158 -0.62457 1.0013 2.0145 0.74611
-3.6835 -4.1963 -4.6766 -1.5543 -1.7134 -0.85405 -1.8327 -0.75972 -0.6189 0.16112 1.9154 2.7338 0.74436
-2.6722 -4.1667 -4.0876 -0.97545 -1.6693 -0.74817 -1.308 -0.65981 -0.62061 0.26636 2.1873 2.6493 0.73267
-2.8909 -3.6701 -4.1406 -0.30168 -1.2654 -1.5663 -1.0552 -0.60317 -0.65063 0.51086 2.3476 2.8775 0.67424
-1.9378 -3.7884 -4.0475 -0.29042 -0.93159 -1.5103 -1.1586 -0.52107 -0.55701 0.29297 2.3739 2.8642 0.78248
-2.523 -3.0231 -4.4308 -0.23302 -0.93593 -1.4487 -1.4451 -0.45073 -0.50443 0.32055 2.5689 2.7214 1.0216
-2.5773 -3.5079 -4.3485 -0.68806 -0.77605 -1.6732 -1.2035 -0.41594 -0.4835 0.06715 2.5208 2.4505 1.1551
-3.3397 -3.531 -4.0271 -1.0339 -1.1599 -1.5644 -1.4283 -0.38962 -0.74868 0.63693 2.2398 2.8656 1.2096
-3.19 -3.2859 -4.0578 -1.0758 -0.92656 -1.9817 -1.0345 -0.83111 -0.48592 0.52893 2.1563 2.8938 1.1445
-3.441 -3.67 -3.6637 -1.1823 -0.89845 -1.8372 -1.3589 -0.26828 -0.7501 0.72158 1.7731 2.9453 1.1952
-2.6663 -3.6984 -3.9369 -0.45779 -1.2343 -1.5557 -1.4273 -0.27174 -0.61645 0.42203 2.0079 2.585 1.3156
-2.0145 -3.7052 -4.0331 -0.70384 -0.50362 -2.2697 -0.96515 -0.30117 -0.58775 0.179 2.1617 3.0361 0.8175
-1.9136 -4.2468 -3.7736 -0.56254 -0.97956 -2.1857 -0.96878 -0.40158 -0.87399 0.63255 2.129 2.469 1.2666
-2.3496 -3.8965 -3.7141 -0.87878 -1.0216 -1.945 -1.149 -0.38763 -0.69301 0.52529 2.0169 2.7493 1.0058
-1.9491 -4.2002 -3.7473 -0.7213 -0.92454 -2.066 -1.0941 -0.30773 -1.0248 0.46261 1.771 2.7004 0.77566
-1.6527 -3.9992 -4.0415 -1.4542 -0.2708 -1.7053 -2.0706 -0.051541 -0.77089 0.31888 1.569 2.2816 1.268
-1.3952 -4.0043 -4.2591 -1.2591 -0.79058 -1.9155 -1.8889 -0.14928 -0.7341 0.25541 1.8568 2.6554 1.0701
-1.6564 -4.3512 -3.957 -1.3566 -1.7232 -1.4582 -1.6089 -0.97843 -0.16184 0.19108 1.6647 2.4883 1.471
-1.9719 -4.2384 -4.207 -1.5507 -1.6087 -1.6817 -1.9436 -0.89343 -0.17441 0.063529 1.6595 2.5537 1.2369
-1.0104 -4.4218 -4.3358 -1.0405 -1.8723 -1.4819 -1.9966 -0.59922 -0.41159 0.53823 1.5627 2.2952 1.6057
-0.54328 -4.2801 -4.0822 -1.1799 -1.7335 -1.6414 -1.9788 -0.53274 -0.46312 0.40505 1.3296 2.2174 1.5572
-0.5848 -3.6014 -4.1484 -1.2312 -2.0222 -1.2313 -2.3659 -0.29655 -0.31538 0.44031 1.3334 2.4729 1.4478
-0.37062 -3.8793 -4.3407 -1.566 -2.094 -1.4686 -2.4045 -0.71989 0.0092857 0.085805 1.3898 2.3487 1.4121
-0.49223 -4.2538 -5.0368 -2.0083 -2.3629 -1.8323 -2.9301 -0.80858 -0.10133 0.10409 1.2014 2.2019 1.6214
0.5498 -4.0807 -4.5133 -1.8836 -2.171 -1.4626 -2.7824 -0.73585 0.2663 0.29691 1.1095 2.3451 1.6694
0.62337 -3.8647 -3.9964 -2.0432 -1.9787 -1.5155 -2.5875 -0.80573 0.48161 0.27736 1.1264 2.3682 1.7001
0.59331 -3.6373 -3.9765 -2.1741 -1.9231 -1.5179 -2.6526 -0.8927 0.59363 0.19932 0.80398 2.3568 1.778
0.73027 -3.643 -4.2901 -1.9792 -2.064 -1.4767 -2.7579 -0.70394 0.49371 0.19786 0.89662 2.2687 1.5858
0.69892 -3.7598 -3.774 -2.1765 -2.0631 -1.4679 -2.4075 -0.72191 0.40085 0.020526 0.96536 2.0124 1.763
1.6991 -4.4664 -4.2729 -1.9947 -1.8877 -2.0377 -2.7563 -0.62819 0.25089 -0.0038101 0.74749 1.9356 1.6986
0.66087 -3.2984 -3.6736 -2.4306 -1.8822 -1.3459 -2.5166 -1.0932 0.91102 -0.25717 1.0101 2.0401 1.419
1.0273 -3.6271 -3.7722 -2.7051 -1.8494 -1.3285 -3.0435 -0.92169 1.002 -0.5754 0.73455 2.0208 1.7122
1.2586 -3.3218 -4.3307 -2.7652 -1.501 -1.1416 -3.4584 -1.1747 1.0023 -0.22274 0.14095 1.788 1.6545
0.87969 -3.332 -3.6642 -2.6718 -1.5882 -1.4407 -3.083 -0.30556 0.5045 -0.49864 1.0129 1.7812 1.4957
1.8982 -4.3431 -3.6894 -1.9441 -1.6343 -1.8668 -2.8717 0.20325 -0.14093 0.035362 1.1616 1.7892 1.604
1.8163 -4.9402 -4.3159 -1.563 -2.0828 -2.0988 -2.6226 0.15631 -0.2057 -0.16512 1.302 2.0897 1.43
1.6898 -4.5366 -4.3602 -1.7038 -1.3307 -2.0823 -2.5378 -0.29331 0.44075 -0.10268 1.1212 2.4834 1.3579
-0.38695 -4.4254 -3.9912 -2.2298 -2.1167 -0.87424 -2.7029 -0.20904 -0.17397 -0.06263 1.4382 1.5471 1.4604
-0.91282 -4.6527 -2.5293 -2.2289 -3.6714 0.28521 -1.7952 -0.82786 -0.79952 0.24303 1.8074 1.6355 1.6502
-1.9869 -3.6414 -1.969 -2.6586 -3.1071 -0.46744 -0.76446 -1.1065 -1.2239 0.057474 2.5 1.6548 1.2351
-2.1428 -4.0414 -2.3474 -2.6513 -3.2497 -0.3897 -0.71021 -1.0927 -1.1776 0.3478 2.4626 1.9532 0.85919
-1.8805 -4.1138 -2.4784 -2.5832 -2.9781 0.12658 -0.65504 -1.3411 -0.64431 0.39193 1.5954 0.82454 0.9612
-2.0937 -3.5147 -2.8068 -2.6684 -2.5643 0.35185 -0.75042 -0.81126 -0.45854 0.030832 1.2356 0.033016 -0.53334
-2.7962 -2.6075 -2.0553 -3.0711 -2.2021 0.65249 -0.9086 -1.1602 0.14492 0.25341 1.8594 -0.098719 0.045056
-2.7956 -3.1843 -2.4365 -3.8337 -1.9033 0.21689 -0.69293 -0.87048 0.17779 0.3133 1.5611 0.53903 0.10954
-3.4579 -2.6896 -2.4287 -3.9492 -2.2372 -0.86505 -0.47739 -1.2144 0.77753 1.8732 2.1976 0.54726 0.093464
-3.664 -3.3362 -1.7518 -3.5196 -2.9864 0.084547 -1.0287 -0.85234 0.83956 1.5337 1.9482 0.44469 0.37874
-2.6288 -3.284 -1.9415 -4.0463 -3.2944 0.81083 -0.95667 -1.2298 1.1405 1.3261 2.3232 0.28686 0.45693
-3.0811 -2.2662 -2.941 -3.4315 -2.4933 0.37109 -0.82653 -0.2715 1.054 1.977 2.7301 0.42682 -0.5667
-2.4952 -2.6772 -2.4623 -3.8869 -1.84 0.12893 -1.2366 -0.12908 1.3788 1.7865 2.5945 0.33777 -0.38034
-0.90248 -2.4502 -2.5092 -3.6821 -2.2474 0.95058 -0.73057 -0.73222 1.6014 1.5192 2.0461 0.34145 -0.13152
