-5.932957 0.533374 -3.181605 0.479661 0.894190 -1.926050 -0.689679 -0.142397 -0.259922 0.194383 0.571550 0.350054 -0.007225 
-4.500692 0.683778 -4.420940 -0.750520 1.160339 -1.875088 0.844527 0.540364 0.646094 0.996533 0.186392 -0.298326 0.047523 
-6.348197 -3.432987 -3.674771 -0.898395 -0.237177 -3.054809 0.581152 0.282610 1.535631 1.707600 1.154632 -0.839341 -1.318445 
-6.832819 -3.983852 -2.666953 -1.539248 -0.567368 -3.520357 0.955487 0.850139 1.169901 2.105694 2.513827 0.897630 -1.047726 
-6.699725 -2.509488 -2.598715 -0.781124 -0.535390 -4.128613 0.791510 1.284722 0.480917 0.510910 2.783519 1.820543 -0.608498 
-7.242086 -1.731928 -3.090366 -1.078987 -0.870465 -4.445511 1.066107 1.317382 0.405694 0.313360 2.773824 2.376541 0.199002 
-7.472227 -0.090594 -3.314248 -0.493750 -1.235864 -3.719598 0.843081 0.988160 0.474009 0.304319 2.294784 2.508591 0.643935 
-7.905318 -0.510376 -3.046689 -1.687693 -1.422142 -3.794145 0.753221 0.707447 0.150488 0.950348 2.334090 2.469890 1.178966 
-7.351280 0.056234 -2.466630 -1.537640 -1.567191 -3.316268 0.889014 0.023161 0.153152 1.031891 1.963068 2.172755 1.151450 
-7.301644 -0.304356 -2.527339 -1.823116 -2.089776 -3.076274 0.695476 -0.097821 0.047223 0.965627 2.040802 2.276868 1.120772 
-7.861071 -0.319556 -2.698917 -1.991771 -2.330182 -3.507087 0.826593 -0.594659 -0.068062 0.980022 1.937210 2.266553 1.133288 
-6.946027 0.018557 -2.278837 -1.208095 -1.869303 -3.086050 1.191452 -0.307584 0.418115 1.036994 1.942092 2.414816 1.139511 
-7.233338 -0.620240 -2.959754 -1.163383 -2.317134 -3.589117 0.759463 -0.287257 0.088471 0.864300 1.864997 2.688924 1.097365 
-6.967603 -0.778823 -2.746521 -0.258577 -1.724007 -3.674760 0.822213 0.234315 0.698918 0.547760 1.964891 2.753825 1.022335 
-7.102581 -2.720896 -3.718905 0.052920 -2.242580 -4.246158 0.080691 0.207074 0.723383 0.226058 1.775852 3.295317 1.014076 
-5.783870 -2.944302 -3.618916 0.286348 -1.970428 -3.515133 0.746554 -0.680329 0.498297 0.687944 1.899799 3.171561 0.899100 
-4.489330 -3.819933 -5.140063 -0.601469 -1.190483 -2.508943 0.882295 -1.565650 0.504930 0.762261 2.323559 2.959145 0.949078 
-0.985296 -6.693723 -3.646812 -2.436388 0.226646 -2.406278 -0.937391 0.121735 0.534879 1.992276 2.482946 1.692724 -0.189927 
-1.725801 -7.381817 -3.490644 -1.275094 0.173189 -2.544546 -1.014383 -0.328157 0.526615 2.316999 2.022782 1.540830 -1.230915 
-1.805005 -6.897187 -2.764688 0.021108 0.951246 -1.836972 -1.212739 -0.144979 0.752477 2.459075 2.174669 1.422126 -1.226022 
-2.914389 -6.923155 -4.004113 -0.085397 0.880927 -2.481178 -1.707985 -0.384399 0.695102 2.170521 2.430001 1.831942 -1.174547 
-2.827271 -5.410972 -2.641628 0.489428 0.768483 -1.993697 -0.672614 0.016727 0.778041 1.962366 1.978412 1.820736 -1.136810 
-3.881948 -5.512954 -2.973679 -0.573506 0.005433 -2.681763 -0.124226 -0.168289 0.766959 1.905327 1.886351 2.343877 -1.197880 
-3.851109 -4.519616 -2.966573 0.054626 -0.186293 -2.480139 0.425049 -0.358517 1.134671 1.837828 2.005666 1.809304 -1.224306 
-4.843344 -4.180492 -3.605832 0.171924 -0.378540 -2.423394 0.658359 -0.550400 1.501857 1.857174 2.352935 1.357061 -1.361952 
-5.016766 -4.580547 -4.151602 -0.365899 -0.262620 -2.788297 0.626146 -1.050516 1.773661 1.753772 2.453313 1.197597 -1.361715 
-4.689154 -4.427315 -4.582188 -0.051847 0.298074 -2.394766 0.875378 -1.105550 1.877540 2.055018 2.643302 1.020803 -1.610466 
-4.613260 -4.720743 -5.701724 -1.425123 0.582622 -2.292998 0.272271 -1.391643 1.499401 2.467850 2.664313 0.920701 -1.681321 
-6.646832 -2.569370 -3.284575 -2.201046 0.284719 -3.110720 0.862364 0.815963 1.573943 2.372980 2.897354 0.081728 -1.791536 
-7.155278 -2.591576 -2.502116 -1.787679 -0.316019 -3.166870 0.099965 0.909533 1.405855 1.048970 2.872036 1.368115 -1.216761 
-7.320003 -1.517902 -2.294468 -1.522484 0.002035 -3.306983 0.718112 1.070394 1.401631 0.647112 2.982421 1.471487 -0.863486 
-7.212718 -2.030336 -1.778951 -2.497811 -0.505071 -3.237206 0.091653 1.166987 1.071568 0.449235 2.596951 2.094682 -0.512754 
-7.280521 -0.463314 -1.904807 -2.022134 -0.473228 -2.930890 0.306942 1.171184 0.992866 0.345950 2.428423 2.246744 -0.112015 
-7.076508 -0.531689 -2.361122 -1.870910 -0.460444 -3.300284 0.313642 1.327656 0.710081 0.345514 2.616355 2.614754 0.168696 
-7.110750 -0.433145 -2.603204 -2.288370 -1.085596 -3.252886 0.369386 0.726157 0.294490 0.716047 2.618338 2.552302 1.030672 
-6.943034 0.419324 -1.971265 -2.207029 -1.258664 -2.577902 0.358826 0.528539 -0.104151 0.957766 2.311932 2.182935 1.258226 
-7.057325 -0.397734 -2.186970 -2.004791 -2.285205 -2.809879 0.427449 -0.372042 0.045840 1.022769 2.218419 2.355344 1.437577 
-7.126904 -0.565640 -2.405258 -1.914028 -2.200342 -3.172722 0.355889 -0.393283 0.087001 0.822760 1.922493 2.958035 0.972205 
-6.275878 -0.941782 -2.552969 -0.943341 -2.225278 -3.292969 0.658036 -0.502919 0.465893 0.693859 1.796835 3.144372 0.953694 
-7.617760 -2.027163 -3.158619 -1.201447 -3.074458 -3.701148 -0.064233 -0.535985 0.459540 -0.048074 2.013238 3.042241 1.124593 
-6.827940 -2.334670 -2.473794 -0.104423 -2.523793 -3.504959 -0.271803 0.055620 0.997408 -0.170786 2.121435 2.936689 1.177907 
-6.572061 -3.738921 -2.947399 0.997787 -2.799831 -3.798342 -0.923018 0.256237 1.374776 -0.403029 2.151720 3.042640 1.135063 
-5.524532 -3.504906 -3.725308 1.313112 -2.175267 -3.267043 -0.901559 0.249780 1.066226 -0.545400 2.226493 3.158566 1.123119 
-4.320012 -3.096538 -4.582809 0.501635 -2.188168 -2.129214 -0.721748 -0.633403 0.313057 -0.380670 2.844656 3.360640 1.009327 
-3.355708 -3.505318 -5.127470 -0.096074 -1.199013 -1.585524 -0.749154 -0.949333 0.196473 0.067129 3.122784 3.396198 0.862820 
-3.531257 -3.929069 -6.407960 0.132410 -1.121930 -1.385753 -1.104672 -1.300219 0.028458 0.609272 2.935776 2.852101 0.229449 
-3.770883 -3.846906 -6.176563 -0.048002 -1.502424 -1.302928 -1.465059 -1.203423 0.484093 0.771412 2.945937 2.777693 0.161403 
-3.209559 -2.906427 -5.594522 0.527199 -0.419150 -1.381214 -1.168989 -0.764790 0.580480 1.005081 2.643467 2.649642 -0.125993 
-4.033254 -3.544917 -5.700582 0.437574 -0.460348 -1.481100 -1.367028 -1.133765 0.640355 1.742988 2.429694 2.579688 -0.113984 
-4.704934 -3.679294 -4.980527 1.592123 -0.109397 -1.958018 -0.703651 -1.318967 1.653378 1.755241 1.722088 2.117046 -0.637656 
-5.760133 -3.229412 -4.993577 0.973905 -0.512682 -3.136667 -0.431654 -0.809534 1.199901 1.154796 2.090116 2.578737 -0.048253 
-5.539389 -2.287334 -4.351848 -0.071930 -0.394858 -2.771409 -0.142076 -0.010356 0.539516 0.827828 2.558571 2.492446 0.626355 
-6.672885 -2.837298 -4.510471 -1.556189 0.291071 -3.347515 -0.903621 0.210222 0.330057 0.590899 3.034086 1.911766 0.712608 
-6.286141 -2.048792 -3.829113 -1.601645 1.156318 -2.647685 -0.790029 0.331481 0.572791 0.678639 2.938551 2.297454 0.236151 
-6.426444 -2.333967 -3.249622 -2.335456 1.900803 -2.020860 -1.561911 0.287337 1.286170 0.152408 2.627840 2.556254 -0.637338 
-6.297990 -3.209440 -3.217343 -2.581981 1.530605 -0.953174 -1.441636 0.230379 1.150779 1.160582 2.770353 2.169864 -0.873494 
-7.120930 -4.363597 -1.902680 -2.582698 0.976301 -1.849336 -1.714510 0.423025 1.697947 1.585375 2.571486 1.012547 -1.026638 
-7.752049 -3.274020 -1.552575 -2.740057 1.000736 -2.179382 -1.576236 0.656483 1.230928 0.407349 3.122799 1.940153 -0.189844 
-7.498188 -2.905260 -1.932726 -3.190406 0.178759 -2.547045 -1.943067 1.356009 0.224313 -0.527516 3.097944 3.303834 0.034008 
-7.509083 -2.412087 -1.613341 -2.969320 0.103806 -2.747045 -1.648281 1.077482 0.245046 -0.452684 2.791075 3.528396 0.329437 
-7.101327 -1.978040 -1.574969 -1.869934 -0.102796 -2.844228 -1.273731 1.063563 0.230051 -0.360858 2.560627 3.311757 0.634326 
-7.921198 -2.466587 -2.064296 -2.284655 -0.478069 -3.632187 -1.576954 0.788990 -0.427762 0.101778 2.347109 3.190959 1.241441 
-7.184773 -1.852880 -1.748250 -1.624015 -0.194312 -2.999169 -1.071223 0.384075 -0.038874 0.123994 2.234504 2.812253 1.106276 
-7.385237 -3.487448 -2.566167 -2.741032 -0.806853 -2.609636 -1.533936 -0.847893 0.273861 -0.333096 1.630156 2.367540 1.263188 
-4.451898 -4.833334 -3.216746 -2.448553 0.123093 -0.845386 -1.179373 -0.995628 1.028712 0.967103 2.208420 1.077719 -0.163349 
-5.711375 -6.028399 -1.632381 -2.480524 -1.034105 -0.531390 -0.812272 -1.352581 1.177358 1.993711 2.266204 1.311573 -0.056927 
-5.488735 -5.833195 -1.921966 -1.962221 -0.963688 -0.530532 -0.978534 -1.133578 0.953255 2.218434 2.237052 1.355462 -0.057070 
-6.163748 -5.698574 -1.661175 -2.436176 -0.319867 -0.688920 -0.981552 -1.719242 1.498398 1.952371 2.358821 1.289194 -0.296900 
-5.843700 -5.209217 -2.013229 -1.484599 -0.069112 -0.183558 -1.249206 -1.326111 1.173281 2.330649 2.307876 1.296612 -0.282470 
-6.553507 -6.540470 -3.079849 -1.750192 -0.479777 -1.004185 -1.835718 -1.208889 1.216191 2.102605 2.414999 1.364843 -0.313540 
-6.365832 -4.970954 -1.880501 -1.697240 0.399698 -0.473647 -1.689664 -1.169649 1.471088 2.078867 2.045980 1.462545 -0.521823 
-6.596870 -4.791800 -1.976093 -1.539909 0.312709 -0.572646 -1.545634 -0.517982 1.503013 2.061209 2.294041 1.140955 -0.826518 
-7.724944 -5.194483 -2.158606 -2.300418 -0.328404 -0.997232 -1.427817 -0.807952 1.536191 2.267452 1.900919 1.283361 -0.954922 
-7.222255 -3.761621 -1.700231 -1.945765 0.410783 -0.533192 -0.846649 -0.545540 2.238146 2.357007 1.798513 0.817235 -1.562319 
-7.702859 -4.883611 -2.567045 -2.946635 0.067464 -1.475583 -1.043978 -0.246875 2.189327 2.386153 2.273040 0.175662 -1.819208 
-6.746513 -3.389091 -2.246421 -2.152397 -0.040816 -1.163703 -0.660387 0.442608 2.479469 2.850718 1.868467 -0.833382 -2.439385 
