8.99706e-13  4.73126e-09  1.432e-14  4.2764e-14  4.4096e-15  1.12608e-15  1.40399e-24  2.50865e-12  1.56574e-13  2.50548e-22  5.90684e-19  8.9036e-14  5.19119e-18  1.47464e-12  2.6446e-13  2.27613e-29  
1.94987e-16  4.1048e-10  1.05604e-18  8.79091e-13  5.15889e-27  1.53561e-18  6.93977e-30  3.77845e-17  2.70068e-16  1.32314e-24  1.43879e-23  1.79191e-18  5.15515e-28  5.80089e-19  1.17755e-20  6.48228e-33  
2.18371e-22  1.46835e-15  4.92316e-21  4.96103e-10  4.2688e-31  5.52727e-20  3.12433e-35  3.8568e-18  5.69031e-22  2.13496e-28  9.47618e-26  7.9794e-22  2.68791e-35  1.2091e-26  2.71392e-24  2.83235e-41  
3.39002e-28  9.08637e-19  1.31172e-16  3.03144e-10  2.95297e-33  6.23252e-26  2.64476e-32  7.67829e-14  3.59647e-22  1.62836e-36  5.64826e-25  1.50855e-21  6.59472e-43  7.48282e-24  1.45218e-28  2.5133e-48  
1.99087e-26  2.41103e-19  1.49979e-14  3.57666e-13  2.19576e-28  2.90618e-26  4.88959e-30  5.76033e-11  3.49186e-20  3.76044e-36  2.81203e-24  1.36115e-18  5.80676e-34  7.42757e-21  4.81694e-25  1.76555e-46  
1.83096e-28  6.42109e-22  2.75614e-14  3.05928e-15  1.0105e-30  1.47315e-29  7.43493e-30  4.83455e-11  3.43264e-20  7.1186e-40  7.18462e-25  8.95003e-20  5.9564e-35  4.56726e-21  2.48076e-28  3.11595e-48  
1.92312e-26  2.42839e-20  1.70522e-13  5.08009e-15  2.81052e-28  2.60848e-28  9.15524e-29  7.97903e-10  5.82318e-19  4.37763e-38  7.36974e-24  1.68103e-19  2.73662e-31  1.2707e-18  1.55212e-28  2.45991e-45  
8.34128e-27  8.20917e-22  1.68409e-12  6.98646e-15  6.59212e-29  4.63472e-29  3.85777e-27  1.23492e-09  5.01334e-18  1.25786e-39  4.29347e-22  1.0428e-18  2.79549e-32  9.50014e-18  2.68971e-28  1.07516e-44  
2.06426e-23  1.03339e-18  5.79695e-12  4.02692e-14  1.66753e-25  2.53789e-25  3.23373e-25  1.2725e-08  3.05469e-16  8.29889e-36  4.31277e-19  5.56795e-17  2.37061e-28  2.35076e-14  7.15591e-26  4.8075e-40  
4.59175e-23  4.62395e-19  3.09613e-11  5.2579e-14  5.25707e-25  3.30547e-25  7.08392e-24  1.76394e-08  1.00892e-15  9.98229e-35  1.8825e-18  1.16667e-16  9.98165e-28  9.22468e-15  1.28488e-25  1.10695e-38  
3.89087e-23  7.31778e-20  9.62262e-12  4.18523e-15  5.97101e-27  7.08893e-26  1.4088e-24  1.55297e-09  4.75618e-16  4.77869e-36  6.26773e-19  1.60206e-17  1.73249e-28  2.65908e-15  6.5095e-27  1.17579e-39  
2.50366e-24  1.3958e-19  2.54459e-12  4.01793e-14  3.60459e-27  2.70087e-26  1.78843e-25  6.43163e-09  8.78008e-17  4.86651e-36  2.31256e-19  6.00407e-18  6.51704e-30  7.85209e-16  9.01219e-28  2.78392e-40  
5.01927e-24  5.55018e-21  1.33324e-11  4.58713e-15  3.58443e-27  2.75074e-27  2.75361e-24  3.08418e-09  2.31105e-16  4.37105e-36  9.74946e-20  2.0821e-17  1.4722e-28  3.40338e-17  5.03215e-27  4.80363e-39  
1.1293e-25  4.75588e-21  2.14493e-12  8.35314e-15  1.24832e-27  4.66675e-28  1.31584e-25  2.9559e-09  1.38497e-17  5.84363e-37  4.32105e-21  1.61521e-17  1.16622e-29  6.65298e-18  1.10124e-27  1.13619e-41  
4.0216e-27  1.31449e-24  3.76171e-12  1.94834e-16  3.35314e-30  4.24985e-31  2.13259e-24  4.26512e-11  3.25522e-18  6.93113e-38  1.24675e-22  3.34853e-18  3.98033e-30  5.09957e-23  1.69869e-29  8.30051e-41  
3.62803e-25  6.73558e-23  4.80374e-11  5.25534e-15  5.88742e-31  1.30922e-29  2.09872e-21  1.29722e-10  9.15664e-17  6.85314e-34  8.83352e-21  4.79837e-17  2.56859e-31  1.15818e-22  9.40463e-28  6.54131e-37  
7.16114e-25  4.83406e-23  1.73549e-10  4.88793e-15  5.83574e-37  3.52076e-30  1.94659e-18  1.04435e-13  6.08683e-16  1.05427e-30  8.09552e-22  5.34224e-18  1.21579e-35  2.77152e-26  1.02248e-29  5.25507e-35  
3.28728e-24  3.55264e-18  2.09349e-10  3.481e-11  8.56546e-45  1.49886e-27  3.98615e-19  3.282e-17  6.91031e-17  1.96455e-28  4.47027e-22  8.83946e-22  9.37297e-41  2.80583e-31  1.98883e-33  2.40083e-31  
1.81077e-24  9.16547e-19  2.30602e-13  6.46741e-11  5.26027e-44  1.82719e-26  7.9657e-24  3.68811e-18  9.0366e-20  1.01611e-28  5.85208e-24  1.39887e-24  3.49482e-42  3.05851e-34  1.485e-34  9.01304e-33  
8.37202e-26  1.15327e-18  3.09964e-14  6.94008e-11  1.05626e-42  4.82822e-28  1.51278e-25  9.0415e-19  9.76379e-21  3.24362e-30  9.7767e-26  5.43428e-25  8.1804e-46  2.24723e-34  4.62926e-33  4.69092e-36  
1.09628e-26  7.78308e-21  9.00911e-14  5.0433e-12  1.74785e-40  4.67989e-30  1.9775e-25  3.5006e-18  8.15783e-21  3.435e-32  4.43944e-27  5.10817e-24  2.59362e-45  1.44583e-34  8.15157e-33  2.01314e-38  
9.92646e-24  3.90296e-17  8.62678e-13  2.40196e-10  4.93685e-35  3.44897e-26  2.35552e-24  5.36497e-15  9.7205e-19  1.08195e-28  1.71434e-23  5.31392e-20  4.04526e-39  1.84819e-28  2.40974e-26  2.21757e-35  
9.62483e-25  4.38565e-19  1.39127e-12  2.58338e-10  4.19663e-34  1.39503e-26  4.66999e-25  2.13653e-13  4.68758e-19  1.9559e-30  2.12197e-22  3.18888e-20  1.36138e-36  1.33208e-28  5.11292e-28  3.41851e-36  
3.89094e-24  1.80559e-17  1.34554e-13  6.052e-10  2.34307e-34  5.2224e-25  1.8923e-25  8.47114e-14  6.09375e-19  3.18963e-29  1.29301e-22  2.90256e-19  2.94146e-38  4.97643e-26  1.78817e-26  1.25086e-37  
4.70747e-26  1.69437e-18  1.51039e-15  4.05279e-10  6.39521e-36  8.16098e-26  4.28745e-28  2.0722e-15  1.12559e-20  4.6155e-31  4.02262e-25  8.34699e-21  9.24895e-43  7.69023e-27  2.69042e-28  7.62811e-43  
6.82738e-27  1.27563e-19  2.68391e-16  6.21639e-11  1.66645e-38  1.49566e-26  6.9735e-29  2.91677e-17  2.61555e-21  3.113e-32  3.13082e-26  9.05529e-22  4.67601e-44  1.73099e-28  9.44692e-31  1.0997e-44  
2.17134e-29  1.64888e-21  1.06357e-18  2.44872e-11  4.78156e-44  1.67878e-29  2.57456e-32  1.91284e-20  1.87851e-23  1.621e-34  3.63569e-30  5.01342e-25  2.7575e-51  5.28933e-33  1.66013e-33  1.42754e-48  
2.4932e-29  1.12971e-22  1.35746e-18  6.48303e-12  1.69896e-46  3.76346e-31  1.1481e-32  1.16973e-22  2.85132e-23  2.89156e-35  4.71224e-32  1.32718e-26  8.03751e-54  1.89014e-36  3.81133e-34  1.21452e-47  
4.07472e-32  1.19827e-22  1.59279e-22  1.74184e-10  2.54781e-40  1.32673e-29  5.12458e-42  1.65212e-19  1.58673e-26  1.24012e-40  1.78671e-32  6.26371e-28  9.94624e-52  2.19635e-32  4.28732e-32  3.18928e-56  
9.46294e-28  2.98322e-19  8.51702e-16  1.37529e-10  2.90446e-29  7.47336e-26  7.05073e-33  7.65716e-13  1.15987e-21  3.50383e-36  1.45219e-25  1.43839e-20  6.25676e-37  2.1478e-23  4.71927e-27  7.20169e-50  
1.66193e-28  3.23652e-19  2.37899e-16  7.80868e-12  8.31698e-30  5.79897e-27  4.34524e-34  8.8781e-13  5.89506e-22  3.58465e-38  2.43305e-26  3.55858e-21  6.5283e-37  2.52131e-22  2.50667e-28  3.00325e-52  
2.31214e-26  1.21522e-18  2.56708e-13  6.97619e-12  2.24157e-25  1.37522e-25  3.57329e-30  4.57344e-10  1.69903e-19  4.68404e-36  2.56503e-22  1.33172e-18  3.39251e-30  6.0707e-20  6.7537e-26  3.41629e-46  
5.84435e-26  5.17274e-18  2.88218e-13  1.80053e-12  1.97207e-24  9.40966e-26  1.49329e-30  2.68612e-09  3.76566e-19  1.77465e-36  1.79899e-22  2.72177e-19  7.44641e-29  1.85406e-18  9.77591e-27  6.42411e-46  
1.46896e-27  1.47492e-20  3.97284e-13  1.69407e-13  2.93204e-26  1.53117e-28  1.62566e-30  2.10718e-09  1.57807e-19  1.52397e-38  8.26419e-24  5.22059e-20  1.24779e-30  1.40582e-20  8.32247e-28  9.72509e-47  
1.60249e-26  1.68427e-21  9.51476e-12  4.73458e-14  1.69645e-26  1.51579e-28  1.61104e-26  6.98342e-09  1.89661e-17  3.58392e-38  2.18593e-21  3.23802e-18  2.4434e-30  2.69178e-18  3.6195e-27  1.75316e-43  
6.74223e-24  3.99803e-19  1.74748e-11  9.31667e-14  1.64415e-23  2.06064e-25  1.3742e-25  5.04437e-08  3.30779e-16  8.74503e-36  3.59142e-19  1.65965e-17  8.20194e-28  8.19184e-15  1.93287e-25  7.01697e-40  
8.73988e-24  1.022e-20  5.5317e-11  2.58391e-14  3.25363e-25  4.33874e-26  3.77805e-23  1.39181e-08  1.33777e-15  2.43092e-35  3.62924e-18  1.00849e-16  1.97177e-28  2.06164e-15  3.87679e-26  1.94735e-38  
4.55494e-24  2.16316e-21  7.75758e-11  1.67391e-14  2.56084e-25  1.91142e-27  1.37134e-24  1.43562e-08  3.15214e-16  6.1248e-36  4.62187e-19  5.62735e-18  2.18538e-26  1.80198e-18  6.19579e-27  2.87582e-38  
1.13008e-24  5.0951e-22  2.36805e-11  1.25605e-14  3.51168e-27  3.28054e-28  3.18087e-24  4.86419e-09  1.3002e-16  2.18617e-35  1.2723e-19  6.33919e-18  1.83714e-27  5.09235e-20  1.05203e-27  1.11844e-37  
4.20237e-25  1.05084e-23  1.80559e-11  1.02008e-16  1.31163e-27  5.74115e-29  5.45241e-23  1.37575e-10  9.54013e-17  3.40769e-36  2.83951e-20  7.78351e-18  1.09594e-26  1.9259e-20  6.10989e-29  3.22963e-39  
7.1497e-26  6.50996e-23  1.18692e-11  8.52046e-16  8.6337e-26  3.9655e-28  1.32609e-22  9.45798e-10  3.8805e-17  1.69526e-35  5.60982e-20  1.83441e-16  4.68565e-27  3.05932e-19  1.1286e-27  1.02021e-39  
2.33486e-28  3.02428e-25  7.56917e-13  3.11615e-17  1.70099e-29  8.68564e-31  3.58609e-23  4.06133e-12  5.03285e-19  3.55094e-37  8.89686e-23  4.41227e-18  5.881e-32  6.57249e-23  4.11031e-31  6.82807e-42  
5.00128e-27  9.23463e-25  3.48874e-12  4.94576e-17  7.87516e-30  9.28748e-31  4.00701e-21  4.53143e-12  7.23727e-18  4.26125e-34  6.23026e-23  2.23216e-17  2.24542e-31  4.16575e-24  7.95937e-29  1.61161e-38  
2.88333e-26  4.76559e-26  7.58377e-11  8.89124e-17  1.50055e-32  4.56234e-32  7.4171e-19  3.05474e-13  1.15e-16  1.37223e-31  1.59948e-23  3.04138e-19  1.0944e-32  1.04818e-28  4.18999e-29  1.69864e-35  
7.80676e-27  1.78452e-26  3.19929e-10  5.09246e-16  1.49499e-36  1.71106e-33  2.56471e-18  4.96729e-15  1.23319e-16  3.45744e-31  9.27392e-25  1.02773e-20  5.36792e-36  1.48374e-32  3.31534e-30  2.41036e-35  
1.91996e-24  3.35325e-23  6.46672e-10  1.91987e-15  1.53486e-37  1.80092e-31  4.8369e-18  5.20641e-17  2.53738e-16  9.36079e-29  2.14751e-26  3.35185e-20  1.98034e-39  7.00965e-32  8.18024e-29  1.80846e-34  
3.99145e-25  5.69249e-23  4.55776e-10  1.23612e-14  3.78694e-36  4.63544e-31  1.61578e-18  2.06452e-16  1.14872e-16  3.50939e-29  5.10473e-26  3.08545e-20  3.48274e-40  6.51647e-31  3.26785e-29  1.12208e-35  
1.02045e-23  3.22004e-20  3.94759e-10  2.85744e-13  6.53764e-35  7.75955e-30  1.14286e-19  2.75253e-15  3.9342e-16  2.41088e-28  1.43007e-25  6.02066e-19  1.78308e-38  8.52247e-29  6.66654e-26  6.26127e-35  
1.3775e-24  1.1006e-20  2.9078e-10  5.26783e-13  2.72514e-34  2.22535e-30  3.63267e-20  2.07963e-15  9.28768e-17  5.63014e-30  1.58267e-25  2.16239e-19  9.75585e-42  1.42904e-28  2.15184e-26  3.31797e-36  
8.0603e-25  1.27331e-18  5.20549e-13  2.25893e-12  4.14156e-35  2.09319e-28  5.59003e-24  1.99352e-16  1.03215e-18  2.07535e-30  3.62722e-26  3.21581e-19  4.25326e-43  1.39138e-26  2.32375e-27  6.9911e-40  
7.00006e-25  5.04527e-20  3.23165e-11  2.67176e-13  1.69723e-31  2.29245e-29  1.01009e-22  2.88959e-13  1.43014e-17  7.3685e-33  9.51749e-25  4.89024e-17  1.08638e-36  3.61994e-24  3.20638e-26  2.35384e-40  
7.73318e-24  1.90162e-19  6.98237e-10  4.70931e-13  4.05285e-27  6.69305e-28  2.48846e-20  2.09184e-10  1.73052e-15  8.73179e-32  9.81445e-22  6.43461e-15  9.29976e-32  2.91858e-20  4.77965e-23  4.3479e-38  
3.14213e-24  5.14848e-20  1.80401e-10  3.68384e-14  1.07085e-25  4.82861e-28  3.99074e-21  9.53904e-12  1.40567e-15  5.33348e-34  2.24698e-22  1.95162e-14  1.27256e-31  1.53032e-19  4.98342e-22  1.65582e-41  
3.73081e-25  1.33631e-19  6.4668e-11  3.06595e-13  2.01192e-25  1.22174e-29  2.45285e-24  1.04431e-11  1.59373e-16  4.40954e-35  9.06428e-24  2.19479e-16  4.78326e-32  8.72514e-22  7.97136e-23  3.31026e-43  
1.16237e-26  2.06336e-20  2.01363e-13  8.72636e-14  1.23833e-26  4.97055e-31  1.93527e-29  1.71359e-14  9.60079e-19  2.4398e-36  5.57162e-26  8.99379e-20  3.80217e-32  2.51007e-26  1.35747e-25  4.93324e-46  
4.74519e-27  1.55159e-19  6.05501e-13  1.34775e-11  1.10981e-27  9.82276e-30  2.69192e-28  1.29402e-14  5.29946e-19  1.28372e-34  3.15574e-25  8.29483e-21  9.97544e-38  7.79511e-27  9.6399e-26  2.89001e-45  
4.60533e-27  6.8357e-18  5.19546e-15  2.27724e-10  1.55934e-26  9.80455e-26  7.01048e-31  5.56324e-15  7.39134e-21  4.66684e-35  5.44772e-24  1.25025e-20  4.31582e-38  3.90953e-24  1.72874e-26  1.35416e-47  
1.67002e-27  1.07566e-19  1.20844e-12  1.14009e-12  1.33294e-23  2.9021e-28  2.67856e-28  1.54362e-12  2.72044e-19  2.74434e-37  3.59849e-23  8.48478e-19  1.01825e-32  3.98707e-22  1.23107e-25  8.77937e-49  
3.96979e-30  3.7968e-26  2.0358e-13  3.79823e-16  4.05277e-25  5.74341e-33  2.59445e-30  4.62375e-12  1.10616e-20  6.7353e-40  5.9527e-25  1.15802e-22  1.62788e-30  1.56684e-28  4.01471e-28  2.64186e-47  
2.37104e-29  4.83499e-26  1.1624e-12  3.74202e-16  3.48853e-24  6.64802e-33  7.52853e-30  4.77802e-11  6.37391e-20  3.10249e-40  9.43239e-24  6.44621e-22  2.32954e-27  1.24217e-27  8.73802e-28  1.65466e-45  
4.52299e-27  1.151e-23  1.08895e-11  1.38095e-15  1.68762e-21  4.72341e-30  3.93635e-27  2.66736e-09  2.71512e-18  1.10642e-37  1.32134e-21  5.77626e-19  1.65847e-24  3.87375e-23  5.40279e-25  2.50234e-42  
2.76017e-26  5.21585e-25  5.06468e-11  6.52407e-17  1.27299e-22  3.16857e-30  6.17486e-25  1.32654e-09  3.81291e-17  6.6121e-39  3.36969e-20  2.14434e-17  1.15549e-24  5.44991e-21  3.994e-24  6.63494e-41  
3.82411e-23  1.30608e-20  6.30228e-10  5.55836e-15  4.94053e-19  2.16687e-26  2.17149e-22  4.9305e-08  3.33987e-15  1.90298e-34  7.60243e-18  1.66104e-14  1.4121e-21  7.27044e-17  8.73611e-21  1.31423e-37  
4.7965e-19  2.7557e-18  2.78326e-09  1.16497e-15  2.85473e-18  9.71765e-22  2.69705e-16  2.99351e-09  2.21759e-12  9.74547e-28  3.40917e-13  9.61803e-12  1.50433e-17  7.12864e-14  2.64873e-19  1.13585e-30  
3.68403e-19  1.34706e-13  5.66895e-10  7.2519e-11  2.36815e-24  1.11666e-19  2.17017e-17  9.43033e-13  7.67066e-14  1.3451e-22  2.47449e-16  4.57066e-15  8.11105e-29  1.75872e-19  2.25072e-21  2.06679e-30  
6.36913e-24  1.81648e-16  1.11415e-10  1.55539e-10  1.40722e-26  6.96148e-22  2.55645e-20  9.14599e-13  2.97941e-17  2.37956e-28  1.39572e-16  5.62607e-20  1.35366e-36  8.51886e-22  6.9199e-29  1.28446e-35  
1.59384e-23  3.10456e-16  2.40109e-10  2.5711e-10  1.14968e-25  4.52897e-22  1.72046e-19  2.68429e-12  9.02688e-17  6.45682e-28  1.29529e-16  2.09784e-19  5.63961e-37  1.94898e-21  4.59389e-27  1.56222e-34  
4.43097e-25  2.34847e-17  8.14427e-12  6.16338e-11  2.22773e-27  3.52524e-23  5.65051e-23  5.04733e-14  1.9503e-18  2.83402e-30  1.62952e-18  6.40695e-21  3.32534e-38  3.92722e-23  2.70637e-29  1.822e-39  
1.04932e-24  9.86365e-17  1.43794e-11  9.0448e-11  1.00577e-25  1.27083e-23  6.13647e-22  8.90099e-14  8.86266e-18  1.07043e-29  8.34003e-19  1.12038e-20  5.4091e-40  1.03533e-22  2.59649e-26  5.19016e-38  
1.77896e-25  5.08682e-18  1.28094e-11  4.37345e-11  8.4487e-28  1.89028e-24  1.0936e-21  3.62468e-14  8.36803e-19  2.8276e-30  5.9452e-20  1.99028e-21  6.30791e-40  1.37462e-24  2.53514e-30  2.92906e-39  
1.47464e-24  1.68206e-16  4.00538e-12  8.01494e-11  1.74467e-24  9.61324e-24  8.00449e-24  5.65832e-14  4.10097e-18  1.55006e-30  2.80073e-19  4.12348e-20  1.43001e-37  2.34511e-22  8.82135e-26  1.61696e-39  
2.61841e-25  1.91216e-16  3.17816e-13  5.67893e-10  7.15112e-25  1.27028e-23  6.53716e-26  3.62114e-14  3.3636e-19  5.03123e-31  7.98279e-21  1.07394e-20  1.19123e-38  4.40979e-23  1.03567e-25  8.55051e-42  
1.5771e-25  5.65192e-17  1.65984e-13  6.4776e-10  8.49324e-27  1.72457e-23  7.9464e-27  2.08499e-14  7.24413e-20  6.32118e-32  2.03773e-20  6.84369e-22  1.36537e-38  1.69164e-23  2.84199e-28  1.83417e-42  
3.28325e-28  4.11535e-18  4.94242e-18  7.66069e-10  1.31019e-30  1.30734e-24  3.28277e-34  4.24672e-18  8.44221e-23  8.30067e-35  1.63206e-24  4.22763e-25  1.4143e-43  1.07055e-26  9.08048e-30  3.778e-48  
2.4065e-30  5.53289e-21  2.3366e-20  8.30889e-10  5.44826e-36  2.72001e-26  1.18401e-37  2.75493e-20  2.30001e-25  1.01944e-36  6.58378e-28  7.2405e-28  2.35146e-47  8.52124e-32  1.30546e-33  8.60714e-52  
1.46073e-33  1.47355e-24  6.29287e-28  7.83302e-10  6.16642e-41  2.52141e-27  1.25227e-48  6.27587e-25  2.29284e-30  4.40753e-39  7.50992e-34  2.65814e-34  7.9168e-54  1.78535e-39  2.18461e-35  1.4249e-55  
