4.39511e-21  2.06481e-25  1.52487e-32  3.12771e-30  5.11099e-59  5.72386e-21  1.39853e-40  5.79503e-43  2.57882e-25  5.1358e-23  3.67182e-30  5.65641e-50  5.64307e-44  3.86392e-52  2.67239e-42  2.29447e-24  
1.02051e-14  3.87668e-19  3.85392e-27  8.65317e-24  1.80124e-53  1.24162e-15  4.704e-33  6.78367e-38  1.55698e-20  3.81836e-15  6.76583e-25  1.68983e-39  1.21416e-34  2.09302e-45  2.26172e-31  1.87082e-18  
7.03544e-25  2.28982e-30  6.19951e-36  1.22454e-28  9.37994e-60  2.97108e-24  1.65171e-48  3.44431e-46  4.60255e-30  3.99251e-25  3.73749e-36  6.08804e-57  5.00768e-53  1.43077e-64  1.1158e-42  5.76454e-28  
7.98499e-20  1.14874e-25  1.8622e-32  1.70581e-25  3.83177e-53  4.66866e-20  5.572e-42  6.84001e-42  5.29538e-26  5.59158e-20  4.28633e-31  7.33877e-48  1.68986e-43  1.8021e-56  1.36729e-35  1.95515e-23  
3.12055e-15  1.93396e-20  1.06087e-29  6.29019e-23  1.48926e-55  1.03787e-17  8.03561e-36  1.56383e-40  3.20329e-22  1.30964e-14  1.33836e-28  5.44667e-42  1.66896e-36  2.07436e-52  4.06209e-32  5.1742e-19  
2.27616e-18  9.56256e-23  7.8969e-31  3.47783e-23  5.92093e-64  1.71263e-21  6.61519e-41  8.20148e-42  1.74982e-25  2.86857e-17  2.09261e-34  8.69663e-50  3.60611e-42  1.48306e-59  2.08694e-40  1.00013e-21  
6.92028e-14  3.40424e-17  1.19541e-28  2.65347e-21  1.09509e-73  5.00842e-19  1.22969e-35  2.8865e-42  1.61956e-21  1.16664e-14  8.3457e-31  4.39607e-46  3.47465e-33  5.32128e-55  1.42436e-43  8.74554e-17  
1.78331e-14  4.85031e-16  3.74621e-26  1.8896e-20  1.38638e-82  1.6167e-20  9.54071e-35  2.48365e-42  1.02075e-21  3.65812e-15  2.7112e-32  7.8955e-48  4.85388e-38  9.25413e-56  2.22484e-47  1.65789e-18  
3.88783e-13  2.81379e-14  1.71787e-26  1.53737e-17  1.36798e-75  2.06294e-18  1.97335e-36  3.91586e-39  4.49955e-21  2.74521e-16  1.78563e-30  8.7324e-43  4.32002e-32  3.45083e-51  4.69999e-43  4.13479e-19  
1.05496e-16  3.61494e-19  3.10735e-30  8.12397e-20  6.55956e-85  1.93437e-24  1.62189e-44  4.26773e-43  3.41284e-26  1.4392e-19  3.45389e-41  6.27491e-52  1.08321e-41  1.52007e-62  4.14836e-51  2.18456e-25  
9.25661e-19  1.31744e-21  1.54584e-33  2.22334e-25  4.73846e-82  7.22013e-26  4.43249e-44  5.17193e-48  7.7328e-27  1.37419e-19  2.98877e-43  7.17755e-55  5.17575e-48  8.82548e-65  1.6428e-51  1.47329e-25  
3.61694e-15  1.95029e-17  7.60311e-29  1.58988e-26  5.69817e-72  2.41547e-19  1.33392e-30  2.04423e-43  6.57684e-20  2.36674e-14  6.13603e-29  8.50306e-46  1.30333e-38  2.45125e-50  1.12474e-41  7.03256e-17  
3.93433e-16  2.95018e-19  5.8929e-29  8.24467e-26  1.93596e-76  1.37813e-21  1.38043e-32  2.00046e-45  9.5671e-22  8.75675e-14  9.63254e-33  7.84762e-48  1.24385e-41  2.21043e-57  1.1986e-41  3.66689e-18  
9.72734e-15  2.68255e-16  2.82484e-26  2.0427e-26  3.55945e-77  2.1687e-20  7.3382e-26  8.93935e-44  1.58327e-18  1.16579e-12  1.84342e-28  3.68223e-44  2.58948e-39  1.70956e-50  2.84607e-41  2.10047e-15  
8.11126e-14  4.68906e-16  1.50957e-26  7.98548e-26  1.13536e-70  3.84487e-18  1.93446e-27  6.26507e-42  4.53632e-18  1.34892e-13  1.2786e-25  1.54716e-41  5.79022e-35  1.94975e-46  8.33529e-38  1.75087e-15  
2.89772e-13  8.63749e-16  2.56185e-25  3.07672e-24  2.52434e-70  2.09157e-17  6.03874e-27  2.78341e-40  8.69238e-18  8.27283e-13  7.00728e-25  6.88241e-40  9.04282e-34  1.67335e-45  5.08749e-37  4.0788e-15  
3.34667e-11  5.61725e-13  1.11957e-23  9.39776e-20  6.16657e-60  4.50023e-15  1.1736e-25  1.82093e-35  1.31867e-16  3.34061e-10  3.26356e-23  5.08634e-34  1.94023e-28  3.66374e-42  2.26791e-30  1.18376e-13  
4.77951e-11  1.31973e-11  5.59202e-21  1.25109e-19  1.69944e-67  1.67757e-16  2.18661e-22  9.94003e-36  6.82161e-15  1.35637e-10  1.19846e-22  8.27058e-34  2.27482e-30  9.35103e-41  1.96518e-33  3.84981e-13  
2.44999e-12  3.20608e-12  1.79016e-22  3.46415e-20  1.04303e-74  1.79277e-18  1.85422e-22  2.21183e-39  2.9122e-16  7.69774e-10  3.83532e-26  1.94898e-37  6.68274e-35  2.19371e-46  7.6035e-38  1.41669e-13  
1.99447e-10  1.72855e-09  2.64394e-20  3.42022e-16  3.22436e-55  1.41925e-14  8.28051e-21  5.2155e-31  5.09633e-14  3.38176e-10  1.13167e-20  1.86193e-26  3.02399e-25  9.99089e-35  2.29878e-27  5.42677e-14  
3.57445e-12  3.90624e-11  4.69064e-21  2.61972e-15  6.93847e-52  3.74198e-16  1.5508e-20  1.13267e-30  3.44147e-15  2.77377e-11  2.10635e-22  1.30079e-23  4.92902e-28  2.93146e-35  2.19769e-26  1.23249e-16  
3.29654e-11  1.70794e-09  1.91599e-19  9.69739e-15  9.96231e-51  5.21272e-15  4.83421e-20  3.1857e-29  3.99106e-14  7.65276e-11  1.25593e-20  1.7411e-23  5.89862e-26  3.96752e-33  2.24497e-25  1.27444e-15  
2.7301e-11  4.82012e-11  1.80564e-21  5.81677e-16  6.31291e-57  1.09111e-16  6.65362e-22  2.68369e-33  2.4236e-15  1.44832e-11  2.54508e-23  3.00099e-26  2.52419e-28  4.22302e-38  9.08713e-28  2.95781e-16  
1.63279e-11  3.459e-12  9.12038e-23  7.22978e-17  1.08144e-53  5.76958e-16  1.74296e-21  1.65889e-33  1.42714e-15  2.01264e-11  1.37738e-22  2.78432e-25  3.56119e-27  1.78084e-37  4.72328e-27  2.8752e-16  
2.66239e-11  9.93153e-12  9.02134e-23  3.90089e-16  1.99758e-57  7.9168e-16  5.47508e-23  6.68415e-34  8.79102e-16  2.07472e-11  2.93984e-23  5.12994e-27  7.09368e-27  7.40911e-39  1.58828e-28  5.28611e-16  
1.11607e-12  2.90061e-10  4.0719e-20  1.37092e-13  5.77709e-54  1.99042e-16  2.16747e-24  1.1277e-29  4.79928e-16  5.93538e-14  3.68991e-23  9.99755e-26  8.97002e-29  2.62848e-35  8.50279e-28  4.80502e-19  
3.73083e-13  2.84952e-12  4.64472e-22  1.43884e-15  1.00019e-57  1.25599e-17  1.20807e-22  2.59819e-33  1.52198e-16  1.82331e-13  2.69376e-24  1.18494e-25  1.0299e-30  3.05794e-38  1.42275e-29  5.90731e-19  
1.15257e-11  4.36043e-10  5.13002e-20  8.8222e-14  1.49111e-49  5.28252e-15  8.88971e-23  1.19949e-28  3.90704e-15  2.16285e-12  1.62713e-21  8.55891e-24  4.97059e-26  1.66664e-33  2.91886e-25  2.27965e-17  
1.56875e-14  7.97815e-12  1.77669e-21  1.64061e-14  4.08736e-60  4.15007e-19  2.46492e-24  3.46357e-33  2.46448e-17  5.29524e-15  1.07445e-25  3.89278e-27  8.62785e-34  3.2934e-39  3.38748e-31  5.23568e-21  
3.1304e-12  2.77276e-11  8.44407e-22  8.26511e-15  1.49737e-59  4.49202e-17  4.70656e-25  3.9019e-33  1.41874e-16  3.20711e-13  1.10815e-24  3.86649e-28  2.2413e-29  1.90457e-39  6.86409e-30  3.57471e-18  
3.52714e-11  1.4115e-10  3.90757e-21  5.34794e-15  1.12092e-56  3.05056e-16  2.44705e-25  9.53675e-32  3.84438e-16  9.3023e-13  5.07781e-24  6.65627e-28  1.77474e-27  3.58555e-38  5.1582e-28  3.03006e-17  
4.62928e-11  1.10938e-11  8.27984e-23  1.41184e-16  3.58327e-60  2.00407e-16  1.89855e-23  6.69742e-35  6.64667e-16  1.3385e-11  5.29052e-24  3.34681e-28  1.92286e-27  3.92133e-40  2.09682e-29  6.43633e-16  
2.47751e-10  3.24649e-10  1.61587e-20  5.32697e-15  2.27219e-55  3.39086e-15  2.14908e-24  7.75517e-31  2.26855e-15  1.03238e-11  8.12275e-23  2.08282e-27  1.52137e-25  5.16268e-37  3.22525e-27  9.49215e-16  
1.57376e-11  6.04008e-10  3.49413e-20  2.22659e-15  4.94172e-67  1.17432e-17  4.23793e-23  2.75136e-34  1.63484e-15  4.09103e-12  1.51338e-24  2.09786e-30  5.32892e-30  1.71164e-40  4.88234e-33  4.0102e-16  
1.92947e-10  1.2425e-09  1.90994e-19  2.25417e-15  1.95936e-60  2.85053e-16  1.3336e-22  6.49715e-32  9.54653e-15  1.11593e-11  6.34554e-23  2.88299e-28  3.4187e-27  1.52738e-37  1.78031e-29  3.3771e-15  
3.60844e-11  1.69144e-10  2.43076e-20  4.54378e-15  1.35221e-63  1.78144e-17  1.87174e-24  1.36634e-33  6.64133e-16  4.52748e-12  6.1208e-25  3.26627e-30  5.55153e-30  4.82657e-41  9.231e-31  2.4364e-16  
1.32417e-11  4.83514e-11  8.58293e-22  7.39017e-16  4.93899e-65  5.41246e-18  1.92612e-24  1.31046e-35  2.46006e-16  4.03858e-12  1.27411e-25  1.43882e-30  1.20133e-30  1.79182e-42  1.24441e-31  1.02099e-16  
1.19022e-11  1.66103e-10  7.55357e-22  1.99217e-16  1.62843e-66  7.46531e-18  2.09874e-25  1.55483e-35  2.00624e-16  3.47573e-13  1.38114e-25  7.52924e-32  4.48212e-30  1.18112e-41  2.38664e-33  4.50316e-17  
6.77601e-12  4.99606e-11  1.29298e-21  2.2713e-16  4.45309e-74  1.77148e-19  3.11549e-26  7.36318e-38  4.53126e-17  1.26357e-12  1.03088e-27  3.08878e-35  1.34086e-33  1.64973e-46  5.16976e-36  6.28122e-17  
8.89976e-12  1.28753e-10  6.33721e-21  5.92791e-16  7.08171e-71  9.66458e-19  2.22043e-26  6.22286e-36  9.03218e-17  5.00548e-13  9.43419e-27  1.95595e-34  2.31098e-32  2.45371e-44  4.98063e-35  6.21017e-17  
4.01206e-11  2.30478e-10  6.84715e-21  6.96368e-17  9.62749e-75  1.17472e-18  4.15569e-24  1.8881e-37  4.94586e-16  6.91339e-12  3.25165e-26  2.33529e-34  2.14031e-31  1.30937e-44  2.19531e-36  2.5617e-15  
3.00552e-11  1.21905e-10  1.46744e-21  3.56762e-17  2.61016e-68  1.0806e-17  3.8907e-26  7.37106e-36  2.141e-16  1.70433e-12  1.06358e-25  3.19042e-34  1.83358e-30  4.7189e-43  4.95536e-34  4.82443e-16  
9.94625e-12  5.49991e-11  3.56305e-21  1.45225e-16  1.74825e-70  1.06666e-19  3.04731e-26  1.07917e-36  7.02851e-17  8.57484e-14  1.79787e-27  1.33131e-33  5.88037e-33  1.77493e-44  2.83943e-34  1.14396e-17  
3.36429e-12  2.19891e-11  1.13671e-22  1.44125e-17  1.19749e-69  4.10962e-19  7.13917e-30  8.27227e-37  3.98221e-18  4.48006e-15  3.24271e-28  1.92406e-36  2.33968e-32  3.45426e-45  1.05399e-35  1.04097e-18  
2.64234e-11  7.26412e-12  8.80295e-24  1.87001e-17  1.34172e-68  8.30205e-18  4.77587e-29  1.43313e-37  8.26711e-18  3.42365e-13  2.00411e-27  1.25378e-35  4.27501e-30  8.43554e-46  1.20378e-34  5.90399e-17  
4.1543e-11  1.95898e-11  5.43635e-23  1.40483e-17  3.66548e-70  3.58004e-18  1.18879e-27  1.34705e-37  2.52258e-17  2.31798e-13  3.90107e-27  7.52557e-35  3.86904e-30  5.22456e-45  4.78283e-35  9.3129e-17  
2.233e-12  1.94764e-11  1.29549e-23  4.40055e-18  9.46404e-71  5.08679e-19  2.15543e-30  7.10127e-38  1.76297e-18  1.94024e-15  2.06574e-28  2.19284e-37  1.76082e-32  9.8995e-46  3.69914e-37  7.62031e-19  
9.63286e-13  1.27083e-16  9.3308e-22  1.5302e-23  7.07119e-63  7.01611e-18  7.90151e-23  3.32858e-37  5.10546e-16  8.78045e-12  5.89976e-24  5.3347e-37  3.0977e-34  2.73571e-43  7.03187e-34  4.15713e-13  
5.67537e-17  1.5632e-20  4.45374e-26  8.23405e-29  3.53888e-59  2.06493e-19  6.95459e-27  1.16598e-40  3.29669e-19  1.85314e-15  3.34877e-26  2.13684e-42  8.10949e-44  2.18273e-45  2.3991e-35  1.10312e-17  
7.52391e-13  4.40384e-17  1.69367e-26  1.29714e-24  3.46823e-55  3.51832e-17  1.98776e-26  2.27754e-39  5.28768e-18  1.404e-11  2.13739e-25  1.16956e-36  1.00573e-33  3.63195e-45  1.09553e-29  3.24447e-15  
3.60212e-12  1.52038e-15  1.32496e-25  7.3247e-23  2.27356e-58  3.015e-17  9.52914e-26  5.56102e-39  1.59777e-17  1.85956e-10  7.31972e-26  3.55943e-36  2.55846e-32  7.66381e-46  2.21005e-30  1.822e-14  
1.61395e-13  1.05801e-16  1.44372e-27  6.50675e-21  1.6138e-72  2.29421e-19  7.66879e-32  1.70633e-41  7.59027e-21  1.13226e-11  5.77518e-31  1.29439e-42  1.8626e-33  1.3513e-54  5.98402e-39  1.81092e-16  
6.70291e-13  1.05178e-16  1.35586e-27  8.55446e-19  2.41342e-68  3.80206e-18  1.12132e-34  4.86381e-39  2.82788e-21  1.34707e-12  1.04354e-30  6.55521e-41  4.36709e-31  5.1264e-53  7.42818e-37  1.79514e-17  
2.26208e-18  2.20997e-20  1.87817e-30  4.82705e-21  4.19853e-87  8.14944e-25  1.95219e-39  1.08974e-46  6.11826e-26  1.72092e-16  1.55517e-38  5.30791e-52  2.58145e-45  4.44098e-65  3.03718e-50  5.53786e-23  
9.74441e-15  1.22371e-15  2.29527e-28  2.55119e-18  6.82212e-81  2.50298e-20  1.00054e-37  6.07707e-42  8.27475e-23  4.09981e-16  1.35468e-33  7.4234e-46  7.93151e-34  2.74523e-56  1.56258e-46  2.44724e-20  
1.13661e-13  1.91619e-14  4.26332e-26  1.02714e-19  2.94128e-90  5.73014e-21  2.17693e-32  1.54692e-44  6.0248e-21  7.22124e-14  1.12121e-32  4.63152e-47  4.98339e-37  9.64382e-57  4.43934e-49  2.60914e-17  
7.15315e-17  5.15208e-17  2.71924e-29  7.8314e-28  1.78323e-88  9.44975e-23  6.52374e-27  3.03834e-49  5.77522e-20  4.04685e-14  2.6187e-31  1.49371e-49  3.82327e-44  1.05461e-55  3.69501e-49  5.81059e-16  
9.34739e-15  1.80248e-16  5.95214e-27  1.04517e-25  3.00486e-77  1.14601e-19  3.526e-26  5.79419e-45  5.65606e-19  8.52414e-12  2.64189e-28  6.71834e-45  1.27528e-39  1.7974e-52  2.50555e-41  3.19294e-14  
7.38276e-14  1.39366e-15  8.57224e-26  1.11171e-24  3.21516e-66  3.68461e-17  1.6881e-26  1.58097e-39  1.12176e-17  8.24948e-13  2.60757e-24  7.95648e-40  5.37992e-34  1.82703e-44  5.20878e-36  6.62314e-15  
5.46022e-17  3.30499e-19  3.34738e-29  7.29712e-28  2.17271e-70  8.16496e-19  1.02432e-31  4.95859e-43  1.88207e-20  1.87584e-17  6.63095e-26  8.68957e-45  1.38858e-38  4.73095e-47  4.15845e-41  9.62279e-19  
1.43794e-17  3.39892e-20  3.24296e-29  2.19422e-26  1.95246e-69  7.90642e-20  1.34588e-34  6.79559e-43  2.03509e-22  3.28895e-17  2.58349e-29  4.27369e-47  4.41014e-40  1.59355e-52  1.6993e-40  6.44104e-20  
1.7182e-13  2.18401e-16  7.38142e-27  1.39747e-23  3.8146e-63  3.81497e-16  1.50273e-30  4.21334e-39  4.72825e-19  5.11304e-14  8.84439e-25  1.43946e-39  3.02461e-31  3.43588e-45  1.11011e-34  4.04139e-16  
2.89554e-11  9.05339e-13  5.94296e-24  2.2939e-20  1.19551e-58  2.36026e-14  5.70766e-27  2.0574e-34  9.86131e-17  2.52664e-12  4.76412e-22  9.92024e-34  2.05166e-26  3.43104e-39  2.28288e-31  2.08388e-14  
2.08881e-11  2.97002e-13  3.05338e-24  5.51393e-19  9.07172e-63  2.67221e-15  9.93184e-27  6.09888e-36  2.12219e-17  1.40381e-10  5.10772e-24  4.14508e-35  4.01643e-27  3.8808e-44  5.3841e-33  4.16073e-13  
8.32984e-11  2.25039e-10  2.21691e-21  4.43763e-16  1.98965e-59  8.06087e-16  1.25002e-24  4.61311e-33  7.50205e-16  1.89672e-11  1.38485e-23  4.47842e-30  1.97854e-27  1.79591e-39  1.36072e-29  2.60338e-15  
7.64341e-11  9.5023e-11  8.93137e-22  1.6158e-15  2.89085e-57  4.94568e-15  1.16888e-24  2.17701e-32  4.15132e-16  1.12689e-10  3.75798e-23  2.71452e-29  1.97875e-26  1.75191e-39  1.4076e-28  7.59338e-15  
4.04914e-12  1.21912e-10  4.75488e-22  5.26187e-15  1.21568e-55  2.67175e-16  1.46549e-25  3.17657e-32  1.25134e-16  1.71814e-12  3.99753e-24  2.5363e-28  1.01059e-28  8.86894e-39  3.61325e-28  9.40387e-18  
6.52608e-11  1.13298e-10  3.92571e-22  7.68363e-16  1.14783e-53  5.40804e-15  1.49208e-23  4.26396e-32  1.88272e-15  2.8655e-11  2.00696e-22  8.38244e-27  1.24652e-25  5.9875e-37  6.88025e-27  8.23323e-16  
1.083e-10  1.34129e-12  5.13496e-24  5.93169e-17  1.2382e-58  7.18486e-16  8.58671e-25  1.12972e-35  1.33331e-16  1.42551e-10  1.78021e-24  1.3043e-29  2.49721e-27  2.3525e-42  1.02828e-28  3.43531e-15  
3.973e-11  1.32945e-11  2.57339e-23  3.59957e-16  5.03027e-62  1.64138e-16  3.23597e-28  5.39258e-35  2.31872e-17  2.52952e-12  6.93282e-26  1.63909e-32  2.66133e-28  3.45569e-43  6.19606e-31  1.08746e-16  
3.43921e-11  9.12881e-12  1.56491e-22  1.11381e-16  2.65784e-62  1.12053e-17  2.9297e-25  1.84303e-35  1.21643e-16  1.2313e-12  1.46128e-25  4.3927e-30  1.50898e-29  4.89444e-42  3.40839e-30  9.04654e-17  
5.11904e-12  1.73613e-10  1.02226e-21  1.89583e-15  1.17994e-59  4.56816e-17  3.73011e-25  2.56206e-33  2.74455e-16  3.41452e-13  1.53992e-24  3.99205e-29  2.78623e-29  4.37626e-39  3.57797e-30  8.41591e-18  
2.56543e-11  7.33111e-12  3.47565e-24  5.28832e-17  1.25082e-56  2.1439e-16  1.69845e-26  5.87509e-35  7.1948e-17  1.3943e-12  6.004e-25  2.00845e-29  1.79382e-27  1.04897e-40  2.93407e-28  2.84521e-17  
4.09228e-12  1.99092e-12  1.48596e-24  1.18548e-16  1.22545e-61  9.38161e-18  7.96852e-28  1.99877e-36  7.12235e-18  2.0056e-13  8.87935e-27  4.04013e-31  7.08602e-30  1.55784e-43  1.05156e-30  1.82265e-18  
8.40434e-11  1.17725e-11  1.34213e-22  2.66922e-17  2.70272e-62  1.20504e-17  4.73609e-27  1.53622e-35  6.84583e-17  8.57653e-13  3.30995e-26  7.21146e-32  2.68743e-29  8.28686e-43  3.95121e-30  8.40909e-17  
4.24848e-12  2.88036e-12  3.58072e-25  1.7548e-17  2.24262e-68  5.88671e-18  5.94383e-29  1.72271e-38  2.80904e-18  1.23859e-13  1.27039e-27  8.52626e-35  2.34931e-30  6.92162e-46  5.51601e-35  5.9031e-18  
3.94315e-11  1.95794e-11  9.08084e-23  6.71706e-17  1.59472e-66  8.56557e-18  2.9714e-27  1.59597e-36  4.29763e-17  1.23833e-12  1.32233e-26  1.61962e-33  4.54284e-30  2.7327e-44  9.35506e-33  1.18048e-16  
4.83178e-11  1.09628e-11  6.77083e-23  1.09164e-16  2.67267e-65  1.35018e-17  1.0061e-26  2.72022e-36  5.02745e-17  2.35632e-12  2.39078e-26  2.10659e-32  1.61124e-29  6.14077e-44  6.85505e-32  1.56725e-16  
8.54596e-12  1.72081e-11  6.27633e-23  5.77675e-16  2.27769e-64  9.99102e-18  1.31056e-28  3.45822e-35  9.84773e-18  4.28526e-14  7.49056e-27  1.75882e-32  7.7401e-30  5.04983e-43  1.65054e-32  2.06688e-18  
6.9055e-12  2.02905e-11  2.75435e-22  7.29918e-16  1.80122e-68  2.35064e-18  1.38167e-28  6.41727e-36  1.11928e-17  2.3636e-13  1.91437e-27  1.04748e-34  1.06081e-31  3.62669e-45  4.00877e-34  1.06504e-17  
2.93126e-12  1.54167e-11  1.51479e-22  3.91955e-16  5.3342e-73  1.32323e-19  2.82401e-28  9.08525e-38  5.49297e-18  5.27989e-14  1.48423e-28  2.17446e-35  2.2946e-33  9.7804e-47  3.33071e-36  2.50835e-18  
5.38319e-11  1.65263e-10  1.01651e-21  6.32113e-17  3.73675e-69  2.71348e-17  5.14229e-26  6.78802e-36  2.38298e-16  1.78647e-12  1.7045e-25  4.5453e-34  2.62902e-29  8.01846e-43  6.01153e-35  9.92937e-16  
7.93565e-12  2.07906e-12  2.44524e-24  7.32577e-17  2.06003e-76  6.41484e-19  3.20378e-29  6.44479e-40  1.87075e-18  7.69787e-13  5.19662e-29  1.02741e-37  2.07935e-32  1.38011e-49  2.93727e-38  5.41986e-17  
2.23615e-10  3.92163e-11  4.83265e-22  3.16297e-17  1.40825e-67  5.64922e-17  5.99976e-26  3.42449e-36  2.88913e-16  1.13251e-11  1.82227e-25  1.43891e-33  1.24761e-28  2.03097e-43  3.51015e-33  5.04932e-15  
5.74517e-12  1.03653e-11  3.57532e-20  3.50013e-17  1.4904e-78  1.76392e-20  2.34178e-26  4.07636e-38  4.51747e-17  2.17297e-13  3.27817e-28  1.58873e-37  1.62691e-35  1.00041e-47  4.56097e-38  7.78946e-17  
2.78327e-12  1.84637e-09  2.92333e-18  6.44931e-15  1.59143e-71  7.78058e-19  2.1877e-24  3.96361e-33  9.68337e-16  7.57657e-14  3.3773e-25  2.14793e-33  1.47297e-32  6.1344e-41  2.24109e-36  4.18584e-17  
5.36234e-12  3.60192e-10  9.22974e-19  6.99424e-15  1.1776e-71  1.72242e-18  7.5667e-25  1.38074e-33  6.21849e-16  6.62617e-13  1.84068e-25  7.51432e-34  1.20546e-32  2.55202e-42  8.48482e-36  1.71276e-16  
6.7874e-11  3.94517e-10  8.45905e-20  3.85839e-16  1.06605e-77  1.45405e-18  1.15242e-22  5.2566e-37  1.72593e-15  1.79502e-11  1.17556e-25  7.79397e-34  4.08392e-31  3.2911e-44  9.92044e-38  1.41766e-14  
2.24322e-12  1.30642e-10  7.3095e-22  1.94652e-15  7.76096e-73  4.23281e-18  3.22411e-28  1.03806e-35  1.33446e-17  3.73975e-14  5.79348e-27  1.74041e-35  2.80916e-31  4.64843e-44  2.9329e-38  6.26129e-18  
2.04126e-12  3.88729e-11  3.39432e-21  1.18078e-15  2.23054e-76  1.31699e-20  3.97789e-28  7.0169e-37  7.31281e-18  1.40731e-14  2.34312e-29  1.20396e-35  1.16536e-33  7.54321e-47  2.22563e-37  1.43353e-18  
1.23112e-11  7.53832e-11  3.71987e-21  6.06788e-16  1.4467e-70  2.62967e-18  2.95351e-28  3.59914e-35  2.17719e-17  2.2518e-14  4.95443e-27  5.06063e-35  8.70695e-31  7.80114e-44  3.3359e-36  1.26133e-17  
4.4563e-12  2.56382e-11  1.54069e-22  4.21916e-17  1.09866e-77  1.0116e-19  8.71424e-29  5.67678e-39  5.75774e-18  3.87717e-14  7.993e-29  2.57168e-38  1.09094e-33  5.56013e-48  1.95637e-39  1.2596e-17  
5.79779e-11  1.51826e-10  5.51282e-21  1.87927e-17  3.32296e-70  1.06339e-17  1.44864e-26  1.35474e-35  2.03685e-16  1.75547e-13  1.01248e-25  4.01312e-35  1.18761e-29  1.17832e-42  4.86001e-36  5.28478e-16  
4.30143e-11  1.55332e-10  1.96248e-21  1.22799e-17  2.716e-69  9.7625e-18  2.42354e-26  5.57156e-36  2.02904e-16  3.2848e-13  1.05758e-25  8.85219e-35  6.53604e-30  9.6916e-43  3.21096e-35  5.09339e-16  
2.73908e-12  1.26713e-11  5.98377e-23  5.16582e-18  1.09844e-77  4.70707e-20  3.12729e-28  8.14195e-40  5.71454e-18  2.02725e-13  6.14596e-29  2.83174e-38  1.53274e-34  1.13236e-48  3.20126e-38  2.07082e-17  
9.37668e-11  2.71606e-11  1.14846e-22  1.10995e-18  4.1954e-68  7.75547e-18  4.59585e-27  3.31727e-37  8.87432e-17  2.04579e-13  2.90427e-26  1.18276e-34  2.85341e-29  1.48532e-43  3.29822e-34  3.45676e-16  
9.76834e-11  8.26013e-12  3.39938e-18  9.08847e-21  1.46802e-67  6.70521e-17  3.74793e-19  7.53198e-34  2.7683e-13  1.20805e-11  4.33175e-21  1.94379e-33  4.48831e-29  2.26689e-37  6.76437e-36  9.65799e-12  
2.32017e-11  1.4487e-13  1.13763e-20  6.53257e-22  1.50032e-70  2.25183e-17  8.71192e-22  1.58424e-37  4.42437e-15  1.8671e-10  8.82827e-24  8.50472e-37  2.53325e-32  2.85634e-43  2.31392e-36  2.41805e-12  
1.40501e-13  5.32113e-16  4.33968e-26  2.8763e-25  7.00097e-68  2.62897e-18  1.08711e-25  7.36379e-42  6.84964e-18  1.57204e-11  1.60372e-26  5.074e-41  4.67519e-36  3.80264e-48  2.04529e-36  1.64909e-14  
2.58209e-11  1.33892e-13  2.70268e-23  2.9012e-20  7.09101e-60  1.82452e-16  5.05702e-25  3.34853e-36  6.08191e-17  9.87382e-10  2.83535e-25  2.25196e-34  2.19813e-30  4.21296e-44  2.66766e-30  2.70351e-14  
5.62501e-14  2.12267e-14  2.45869e-24  5.23004e-21  4.74753e-76  4.60692e-20  2.09475e-28  3.25206e-40  1.76542e-19  2.51679e-12  3.47408e-30  6.36605e-42  1.46399e-37  9.0964e-51  3.03644e-40  1.23469e-17  
9.94844e-15  7.31993e-17  2.74803e-29  7.25222e-20  1.90381e-85  4.57067e-21  1.57535e-37  3.50071e-44  4.83178e-23  2.80055e-15  1.32788e-34  6.53352e-48  2.02791e-35  6.79093e-59  1.62969e-48  8.8864e-20  
1.61284e-13  9.91725e-16  6.17201e-28  3.82086e-19  4.42174e-81  1.17233e-19  4.58451e-35  2.55563e-42  8.5517e-22  1.27247e-13  8.82237e-33  1.88543e-44  1.89011e-34  1.2985e-55  7.68326e-44  6.66168e-19  
7.21015e-17  3.27272e-18  1.04185e-29  1.85131e-19  2.23021e-92  1.10825e-23  7.80368e-40  3.301e-46  2.40561e-25  2.55026e-16  2.16391e-38  1.42966e-51  1.42998e-42  6.06649e-64  1.01302e-51  7.24201e-23  
5.08963e-13  1.65484e-13  2.41526e-25  4.09139e-17  5.8211e-78  7.11792e-19  8.79346e-35  9.75839e-39  1.06774e-20  5.67341e-16  8.89997e-31  1.18993e-41  2.30953e-32  2.11229e-50  2.78046e-43  1.20788e-19  
6.82774e-17  1.48072e-15  4.8854e-27  8.54573e-21  1.44637e-93  7.42487e-24  7.7558e-36  4.80599e-44  2.54472e-23  4.92168e-18  4.59302e-37  3.90271e-50  3.759e-44  2.15149e-56  3.49665e-56  2.09511e-24  
1.55148e-18  7.41841e-19  2.12762e-32  7.0216e-26  1.22261e-81  3.91953e-24  5.29392e-38  7.52291e-47  2.49382e-24  6.16911e-18  1.04393e-38  9.10591e-51  4.81055e-45  3.09352e-58  4.1312e-50  5.56435e-25  
1.68703e-16  1.2308e-16  2.83416e-26  4.62217e-25  3.46304e-73  1.38312e-20  1.75246e-30  1.84392e-41  3.15162e-20  2.07906e-15  3.61584e-30  1.94614e-46  6.14986e-42  2.51022e-50  5.05078e-43  3.14446e-19  
7.67894e-17  9.61871e-19  3.55387e-29  7.8556e-25  1.20545e-70  4.1736e-19  1.23566e-34  1.16695e-40  4.53388e-22  4.84779e-16  4.64593e-29  7.49078e-46  6.33355e-41  8.08982e-50  9.29373e-42  1.50928e-20  
6.38116e-17  7.88851e-18  2.7249e-28  4.60097e-25  2.88473e-66  2.36283e-18  2.77206e-34  7.70649e-39  4.18489e-21  1.81283e-18  2.52257e-26  1.47246e-43  3.34466e-38  1.01974e-44  1.85821e-40  4.91008e-21  
4.90645e-16  1.98337e-17  5.79589e-29  1.80751e-26  1.02835e-68  4.85738e-18  6.4004e-32  9.5675e-41  2.82336e-20  1.00308e-16  1.17462e-25  1.0386e-43  1.32054e-37  4.09177e-45  6.83758e-41  8.46281e-19  
2.63367e-10  9.8742e-12  1.69123e-21  5.81542e-20  2.24522e-64  3.17016e-15  1.63931e-23  6.24249e-35  3.76572e-15  6.51309e-11  4.4949e-22  1.33e-33  7.22489e-27  1.04234e-39  7.06586e-33  1.14092e-12  
5.93405e-11  9.69861e-11  2.87462e-22  4.2903e-18  6.35542e-47  5.20967e-13  1.40678e-23  1.32628e-28  1.73522e-15  2.5022e-10  9.69066e-21  3.87377e-27  5.10516e-23  6.32772e-33  4.38238e-25  8.64448e-15  
7.47885e-11  5.75801e-09  2.8824e-19  1.22359e-15  5.79894e-54  4.40398e-14  8.6001e-21  2.11161e-28  3.00884e-14  1.27962e-10  8.00964e-20  1.43779e-25  4.83085e-25  2.5445e-32  2.68029e-27  1.28885e-14  
8.7922e-11  4.4268e-10  1.91272e-19  3.84413e-17  2.45911e-64  2.26531e-16  2.85006e-21  2.74227e-32  1.68517e-14  4.41529e-11  3.02514e-21  3.26563e-29  7.74894e-26  3.62193e-38  1.38217e-31  6.12253e-14  
1.40136e-11  1.17216e-09  5.19945e-20  5.5179e-16  1.69305e-61  6.55067e-17  1.06143e-22  6.1809e-33  4.52382e-15  1.5971e-11  3.55524e-23  5.63168e-30  5.11256e-30  8.75714e-39  1.79403e-30  1.42982e-15  
4.54427e-11  7.39264e-10  4.62929e-20  3.44476e-16  1.16737e-65  5.27606e-17  7.23394e-23  4.4196e-34  3.48457e-15  5.3969e-11  5.43526e-24  2.42578e-31  1.4309e-29  1.61344e-40  2.10781e-32  5.1924e-15  
6.38076e-11  8.05531e-11  1.12436e-21  7.1091e-18  1.25245e-72  2.3055e-17  1.41271e-25  6.47013e-37  3.45346e-16  6.10563e-12  2.51654e-25  8.60837e-36  6.59036e-30  6.89038e-44  1.13453e-36  1.16638e-14  
3.72732e-10  3.72026e-11  4.60501e-22  4.58098e-18  3.44465e-68  4.09089e-17  4.55109e-25  6.92482e-37  6.60455e-16  1.72355e-11  3.21899e-25  1.25011e-33  2.3819e-28  2.28644e-43  2.3943e-33  1.86698e-14  
1.11196e-11  1.87798e-10  5.91614e-22  3.62018e-16  2.25686e-67  1.9738e-17  6.16886e-27  3.2391e-35  6.65202e-17  3.05947e-13  8.5346e-26  1.64324e-33  5.50635e-30  1.8692e-42  2.07409e-34  5.62387e-17  
6.05096e-11  5.74009e-11  3.03208e-23  7.26343e-18  1.02724e-62  7.7744e-16  8.58101e-25  2.32092e-35  7.84875e-16  5.13465e-12  1.2665e-23  1.74477e-31  1.09376e-26  6.96643e-40  2.71471e-32  3.11418e-15  
2.8325e-10  2.56795e-10  9.04593e-20  3.42109e-17  1.34327e-68  5.81752e-18  3.2861e-22  1.01976e-35  6.36016e-15  4.93257e-11  1.33502e-24  1.157e-31  3.52696e-30  5.26909e-42  2.54082e-32  2.94369e-14  
1.05972e-10  1.24829e-10  2.36228e-22  6.88066e-18  1.59922e-66  1.50514e-16  6.77269e-25  6.11092e-36  9.13282e-16  4.00266e-12  2.80992e-24  5.72525e-33  1.1313e-27  3.42352e-41  7.04026e-34  6.23211e-15  
3.63251e-11  2.25858e-11  4.6427e-23  3.60276e-17  5.5064e-69  6.10283e-18  8.79259e-26  9.73118e-38  9.96827e-17  6.36158e-12  2.14207e-26  2.21998e-33  3.57959e-30  8.26904e-45  1.05006e-33  5.23084e-16  
4.68244e-10  1.096e-10  2.14269e-21  1.79055e-17  2.88855e-66  1.76691e-16  9.08373e-25  2.46022e-35  1.32562e-15  1.69074e-11  2.26331e-24  1.18259e-32  1.83556e-27  1.31735e-41  1.09135e-32  2.22219e-14  
4.0414e-11  3.01773e-10  5.42674e-21  1.17186e-16  1.15301e-70  1.27588e-17  1.27221e-25  1.19252e-35  3.66175e-16  1.20583e-12  1.80439e-25  2.42192e-34  5.31693e-30  1.00512e-42  9.14782e-36  1.02974e-15  
3.06744e-11  5.45489e-11  1.97981e-21  9.76907e-17  1.63831e-73  2.46866e-19  3.74658e-25  1.2392e-37  1.37494e-16  2.39557e-12  2.41042e-27  1.07553e-33  1.25955e-31  1.41349e-45  4.55836e-35  2.66012e-16  
1.382e-11  5.7838e-10  8.7785e-20  1.33165e-14  8.72888e-65  2.40039e-17  1.46547e-25  1.65414e-32  3.66991e-16  3.29885e-13  6.78601e-25  3.07707e-31  7.10575e-30  3.48163e-40  1.4624e-32  4.69933e-17  
6.97207e-12  1.5741e-10  3.07213e-21  2.34766e-15  2.395e-73  1.64075e-18  2.75996e-25  2.80024e-36  1.06631e-16  4.27151e-12  9.54766e-27  2.34708e-33  1.35969e-31  1.62117e-44  9.55026e-36  1.65361e-16  
5.90605e-11  5.93538e-11  2.78525e-22  2.42617e-16  5.21743e-69  8.6522e-17  9.92879e-26  5.88501e-36  2.13228e-16  6.41918e-12  2.64999e-25  4.05984e-33  2.62378e-28  5.50061e-43  7.82603e-35  2.01824e-15  
6.35157e-11  8.96823e-11  1.7255e-21  7.14308e-16  3.66464e-68  3.57035e-17  6.86878e-26  2.25391e-35  2.20718e-16  6.86226e-12  1.42964e-25  4.17685e-33  2.11308e-29  3.19669e-43  9.57934e-34  1.22307e-15  
1.05579e-11  1.78563e-11  6.10613e-23  7.94565e-17  1.6919e-73  6.51169e-19  2.46272e-26  7.35169e-39  3.39e-17  6.51903e-12  1.11024e-27  3.34589e-35  1.25424e-32  4.15404e-47  7.32788e-36  1.50307e-16  
5.81889e-11  1.72959e-10  3.08956e-21  5.11134e-17  3.58868e-69  8.39815e-18  5.08984e-26  8.13647e-36  2.48484e-16  6.29174e-13  8.0859e-26  5.42591e-34  6.93046e-30  8.04088e-43  1.28834e-34  4.76522e-16  
3.07873e-12  3.06018e-11  8.01928e-23  8.8757e-17  1.12153e-77  1.87855e-19  3.15835e-28  2.77505e-39  6.27308e-18  1.34359e-13  2.11422e-28  9.69113e-38  1.81608e-33  3.7425e-48  4.9252e-39  2.92659e-17  
2.83756e-11  1.09263e-10  2.22471e-21  5.65082e-16  4.68276e-69  2.80531e-17  1.0728e-27  1.21847e-34  5.06957e-17  1.35069e-13  4.52445e-26  2.66641e-34  4.80322e-29  1.01958e-42  9.10247e-36  8.21584e-17  
2.79738e-12  2.24698e-12  1.1663e-22  5.20885e-16  1.22478e-74  1.01861e-19  2.15658e-29  5.83605e-38  1.86126e-18  1.03196e-13  3.10137e-29  1.02376e-36  6.26764e-34  1.7672e-48  9.41895e-37  2.7795e-18  
7.22138e-13  1.66326e-10  6.78111e-21  3.34525e-15  6.29172e-72  2.87721e-19  9.46492e-29  5.45232e-35  7.74803e-18  2.53364e-15  1.06166e-27  1.47341e-35  2.32311e-33  4.51867e-44  2.61533e-37  3.22229e-19  
2.33543e-11  8.47838e-11  9.5683e-22  4.91737e-17  1.03562e-71  4.52637e-18  3.99562e-28  3.33498e-36  2.76118e-17  2.32034e-14  7.52037e-27  6.97809e-36  4.78701e-30  6.14054e-44  2.04678e-37  4.80141e-17  
9.9764e-13  3.36474e-11  1.08909e-22  8.64306e-16  1.04202e-75  4.79949e-19  2.53032e-29  1.90419e-37  2.39133e-18  4.47925e-15  2.4322e-28  1.0203e-36  1.64376e-32  3.73788e-46  1.00651e-39  8.17243e-19  
1.22122e-12  1.07199e-10  2.1258e-20  1.69301e-14  1.6527e-66  3.78618e-18  1.11244e-28  1.88919e-32  1.31351e-17  3.60485e-16  1.85249e-26  9.56189e-33  1.20472e-30  8.65888e-41  2.14704e-35  1.3566e-19  
4.27367e-13  2.23841e-12  3.86617e-25  1.62284e-16  8.69527e-75  6.89055e-19  3.401e-31  4.7804e-39  1.88022e-19  7.56507e-15  1.95878e-29  2.44111e-37  4.25477e-32  3.15414e-48  3.76821e-39  1.64846e-19  
1.2446e-12  3.27375e-12  1.54221e-25  3.60627e-18  5.55382e-72  3.946e-18  1.44663e-31  1.03839e-38  3.6161e-19  5.0605e-16  1.82989e-28  7.56958e-38  3.73238e-30  4.08694e-46  8.35465e-40  4.2828e-19  
1.05038e-11  3.85512e-11  8.49669e-22  8.80694e-17  4.41331e-70  5.85903e-19  5.7382e-28  4.25316e-36  1.7141e-17  3.26486e-15  1.83288e-27  5.46979e-34  4.25954e-31  1.8474e-43  1.17719e-35  1.99065e-18  
1.4945e-12  3.141e-11  2.12625e-22  5.8064e-16  1.73451e-70  1.90474e-18  2.85137e-31  3.19333e-35  8.89106e-19  1.30422e-16  3.43852e-28  2.8176e-36  6.99327e-31  3.67171e-44  2.43964e-38  1.11998e-19  
4.31885e-12  1.16347e-12  1.92534e-24  2.37248e-16  1.21694e-67  7.25913e-18  1.23816e-31  1.69925e-36  3.44847e-19  6.25937e-15  1.92037e-28  4.07285e-35  6.93806e-30  5.77982e-46  8.35269e-35  5.72588e-19  
1.89999e-11  2.67171e-11  9.86105e-23  2.01214e-17  5.85028e-76  1.6975e-18  5.55657e-28  3.26529e-38  1.81034e-17  2.141e-14  1.82839e-27  1.36879e-36  3.31486e-30  1.41505e-45  1.71479e-39  5.17088e-17  
4.33687e-11  2.84149e-11  8.17903e-21  6.73388e-17  2.05908e-69  2.61459e-18  4.22114e-28  1.20346e-34  3.26478e-17  3.3553e-15  8.29153e-27  3.73193e-34  1.95707e-29  1.49874e-42  1.4081e-35  1.32292e-17  
9.67574e-12  3.462e-11  1.49905e-22  4.02662e-17  2.46067e-75  2.68726e-18  1.30564e-29  3.30016e-37  4.82245e-18  7.99755e-15  9.04477e-28  7.8468e-38  1.50598e-30  1.04606e-45  4.3835e-40  1.74236e-17  
7.55427e-13  1.33587e-15  5.67728e-21  6.98173e-22  3.41616e-50  4.42465e-15  9.33622e-27  4.57585e-31  1.81244e-16  6.9982e-16  7.01775e-21  1.84278e-33  1.16304e-29  4.79779e-35  1.22295e-31  2.39725e-16  
2.09506e-14  1.81584e-18  1.04947e-26  1.4264e-23  3.60411e-54  9.99082e-16  3.84858e-33  6.02746e-37  3.03265e-20  4.3904e-15  2.12583e-25  1.64286e-40  2.11842e-34  6.70267e-45  1.90437e-33  5.94723e-18  
1.83419e-16  3.50633e-20  1.59884e-29  9.5926e-25  3.72074e-57  7.80089e-18  1.02062e-34  2.17272e-40  4.90405e-22  7.80763e-15  1.22932e-28  5.09119e-45  4.55928e-38  1.23311e-51  5.91794e-36  2.54579e-18  
2.6059e-15  7.57479e-20  1.99747e-29  1.67e-24  1.41082e-62  1.47801e-18  5.17873e-33  2.56282e-41  7.02408e-22  2.33853e-12  4.43785e-30  4.26277e-44  7.95872e-37  1.10459e-53  1.63945e-36  2.33069e-17  
3.40094e-16  6.0022e-20  3.49169e-29  2.69101e-23  2.53962e-66  8.85159e-21  2.80386e-35  3.31444e-41  9.97551e-23  2.32423e-14  7.78217e-33  9.53679e-46  1.74205e-38  8.00847e-56  4.0539e-39  3.2219e-19  
3.42302e-13  7.86606e-16  4.66498e-27  1.77711e-19  1.10195e-70  1.09187e-18  3.34489e-34  4.37399e-39  8.35381e-21  5.00588e-14  1.0951e-30  1.74575e-42  3.78354e-31  7.89106e-52  2.6082e-41  1.71944e-17  
5.42474e-15  2.03334e-20  3.66475e-31  8.03265e-21  1.54496e-72  3.15805e-21  3.66243e-39  6.76253e-43  1.5628e-23  8.72151e-16  1.6974e-34  7.15324e-47  2.4672e-34  1.57406e-59  1.04715e-43  7.18691e-19  
7.80202e-12  3.06608e-15  3.55453e-27  9.00157e-18  2.99758e-68  6.06335e-17  1.5002e-34  2.14245e-38  3.3858e-20  1.98755e-13  2.85495e-29  2.19884e-39  1.18803e-29  4.52148e-50  6.00813e-37  2.00558e-17  
9.15798e-15  2.60721e-17  1.02942e-30  5.47537e-20  1.91491e-80  2.59861e-21  4.84225e-37  1.16466e-44  5.90943e-23  4.15554e-16  5.88861e-36  1.33858e-45  4.52536e-39  1.24921e-56  1.94964e-47  2.51415e-22  
1.21145e-13  5.13186e-15  5.58527e-28  2.7445e-18  1.68287e-81  5.78663e-20  1.0663e-36  1.38018e-41  4.26025e-22  1.06388e-15  2.00653e-33  5.42441e-45  3.99196e-35  1.34628e-54  2.72322e-46  2.48106e-20  
4.07882e-12  8.59254e-14  6.4092e-25  1.58023e-16  1.36379e-72  3.00066e-18  3.35359e-33  5.61052e-37  8.84588e-20  5.96962e-15  6.22553e-30  2.51249e-38  2.97797e-32  5.27166e-48  7.77518e-39  4.4479e-19  
1.58292e-17  7.22682e-19  3.06452e-32  3.76252e-23  4.69034e-77  5.51369e-22  8.1173e-40  5.29245e-44  7.90293e-25  6.30964e-17  7.22246e-38  2.7028e-48  7.00116e-46  7.17008e-56  8.59851e-48  6.42416e-26  
6.86975e-14  2.30417e-16  9.83215e-28  8.34807e-23  4.72483e-61  4.53226e-16  5.92379e-32  5.5304e-38  8.57871e-20  2.3327e-13  4.3384e-26  7.87329e-41  1.72463e-34  1.49113e-45  6.44666e-36  1.92976e-17  
1.28637e-14  1.55041e-16  2.79691e-26  4.78222e-22  3.05195e-59  4.64108e-16  1.13593e-32  7.04184e-36  8.28888e-20  1.30336e-15  9.77029e-25  1.32295e-39  5.46401e-35  8.73358e-43  1.93251e-35  8.70933e-19  
5.22003e-16  3.71489e-18  8.58254e-27  7.02143e-22  7.83067e-60  6.98134e-17  3.46252e-35  2.41509e-35  2.67734e-21  6.31128e-18  1.05163e-25  3.41853e-39  5.41247e-36  6.84771e-43  3.79706e-35  4.55373e-22  
2.72442e-15  1.39836e-17  2.82609e-26  7.90688e-22  2.81929e-64  3.48666e-17  1.83912e-33  3.50245e-36  1.63296e-20  2.16045e-16  5.52313e-26  1.62589e-39  2.43923e-35  4.98299e-44  3.43996e-36  1.7153e-20  
4.30155e-10  1.26154e-12  1.07916e-23  1.17695e-20  2.14762e-59  2.09253e-14  2.48673e-25  2.21792e-35  1.01507e-15  5.6001e-11  2.96597e-22  1.94781e-33  3.47498e-25  6.85352e-40  5.2269e-31  6.81207e-13  
4.96636e-11  1.25186e-12  2.81279e-23  9.36522e-19  8.0594e-65  1.56162e-15  5.56477e-28  2.21544e-35  6.53184e-17  7.59622e-12  2.88783e-24  9.45092e-36  3.23699e-28  9.40849e-43  5.28654e-34  1.41499e-14  
7.59003e-12  5.85115e-12  3.47157e-22  6.07905e-19  9.00495e-70  1.34011e-16  5.20603e-26  7.02023e-36  1.2324e-16  1.12899e-11  1.89709e-24  5.09065e-37  2.14814e-31  4.38211e-43  3.44052e-37  7.22541e-15  
1.21569e-10  1.22906e-10  4.18659e-20  5.76542e-17  2.61208e-67  4.04971e-16  4.97988e-24  7.13304e-34  3.61305e-15  3.38754e-11  4.18766e-23  2.65578e-33  6.40652e-29  1.6104e-40  5.78719e-34  1.06061e-13  
2.50372e-10  6.37708e-10  2.35463e-19  1.2353e-15  2.43992e-65  7.43847e-16  7.1653e-22  5.15715e-33  2.34438e-14  4.26839e-10  1.81104e-22  9.04275e-31  1.16385e-28  2.97635e-39  2.39948e-32  3.75197e-13  
1.37762e-10  1.55356e-09  8.76693e-18  5.0983e-16  1.89399e-67  6.3595e-17  2.6608e-20  1.69531e-32  5.80296e-14  3.38887e-10  1.05796e-22  1.18025e-30  1.47411e-29  6.24785e-39  7.59854e-33  1.80279e-13  
1.93973e-11  6.14176e-10  1.27564e-18  1.91953e-15  1.5469e-64  8.75015e-17  1.69305e-22  4.82065e-32  1.08778e-14  2.65852e-11  9.89551e-23  3.39932e-31  2.9361e-31  6.67636e-39  5.80516e-32  9.76918e-15  
6.15812e-11  5.37182e-11  1.92378e-19  6.47426e-17  1.34498e-69  4.07463e-17  1.85979e-23  1.37078e-34  4.29262e-15  3.22146e-11  1.06254e-23  6.92365e-34  3.21678e-31  7.16785e-42  2.28879e-34  9.43485e-14  
1.33538e-10  2.26475e-11  3.81282e-20  1.25761e-16  5.47025e-69  4.40461e-17  3.14954e-25  8.01962e-35  6.69763e-16  2.15421e-11  5.87677e-25  3.12028e-34  5.29139e-30  2.86185e-43  4.51314e-34  1.73318e-14  
2.51722e-11  1.15758e-11  7.71899e-21  1.02403e-15  2.8907e-67  1.05195e-17  5.60374e-27  2.10708e-34  8.21364e-17  3.0194e-12  3.36762e-26  1.19436e-33  4.97508e-31  7.54825e-44  8.81303e-33  1.87449e-16  
5.0411e-11  3.75105e-10  3.39351e-19  1.49369e-15  1.99769e-70  5.55891e-18  1.45869e-23  1.46049e-34  2.10045e-15  1.37044e-11  5.43355e-25  8.51031e-33  2.74979e-31  1.90878e-42  3.91956e-34  4.36936e-15  
4.12122e-11  2.13334e-09  2.00629e-18  2.42427e-16  5.74542e-70  1.14935e-17  1.07451e-21  1.04374e-33  2.0387e-14  1.24395e-11  2.27201e-23  3.48701e-32  1.60424e-30  9.26166e-40  1.33831e-34  2.20693e-14  
7.9283e-11  1.18854e-10  5.88936e-21  7.39632e-16  9.23246e-70  4.58025e-17  6.6236e-24  1.6778e-35  6.35062e-16  1.87834e-10  3.58375e-25  1.96207e-32  1.03285e-29  3.00104e-43  6.0991e-34  7.39573e-15  
1.1092e-09  5.51139e-11  1.36316e-21  1.96624e-17  1.17609e-65  3.60415e-16  1.37085e-23  8.85101e-36  3.4688e-15  2.87752e-10  5.57407e-24  8.65656e-32  3.82792e-27  5.96537e-42  1.28179e-31  2.15681e-13  
8.65593e-11  8.91288e-11  1.23057e-21  4.46187e-17  3.01714e-69  1.11679e-17  2.72064e-23  3.30686e-37  1.17747e-15  1.1091e-10  3.33721e-25  1.27212e-32  1.68369e-30  9.24204e-44  2.7124e-33  1.45077e-14  
1.92969e-10  2.30708e-10  4.90828e-21  1.01635e-16  2.77703e-66  8.85284e-17  1.61375e-23  2.55734e-35  2.73382e-15  8.1123e-11  3.14962e-24  8.2629e-32  7.62512e-29  1.28449e-41  3.25773e-32  2.22492e-14  
3.93547e-10  2.21609e-10  5.55167e-20  5.3802e-16  5.62107e-66  8.48828e-17  1.87613e-22  1.72613e-34  6.07853e-15  1.68311e-10  6.27289e-24  1.51187e-30  1.24864e-28  3.97862e-41  1.47348e-31  4.64989e-14  
1.52192e-10  3.07072e-10  3.70048e-19  1.05647e-15  3.20831e-67  2.56828e-17  2.51129e-22  8.44695e-34  3.63715e-15  1.25898e-10  2.8526e-24  1.15093e-30  1.17334e-28  1.57533e-41  4.44094e-32  2.25542e-14  
2.39859e-11  4.9005e-10  8.71277e-21  4.04452e-16  3.73257e-70  3.26652e-17  1.4552e-25  9.26561e-35  4.12202e-16  1.27535e-12  5.57893e-25  5.74162e-34  1.20655e-29  7.81068e-42  4.6752e-36  8.66091e-16  
3.36976e-11  5.87173e-10  1.06767e-19  5.4629e-16  3.28446e-77  3.00129e-19  2.87848e-22  3.31385e-37  2.59327e-15  7.86342e-12  6.90844e-26  5.14229e-33  2.39194e-32  6.44434e-44  6.30604e-37  2.39236e-15  
3.0454e-11  3.89102e-10  3.09888e-20  3.15043e-15  7.0467e-69  5.23834e-17  6.0298e-26  1.64516e-33  3.85325e-16  6.45786e-13  5.98425e-25  4.06157e-33  5.71083e-29  3.3489e-41  1.68111e-35  4.46535e-16  
4.8047e-11  2.04472e-10  1.37576e-20  2.57675e-16  5.69199e-71  5.73472e-18  2.21545e-25  1.13535e-35  3.72493e-16  2.41703e-12  8.37038e-26  4.81084e-34  1.27426e-30  2.20397e-43  4.35885e-35  9.70798e-16  
3.28345e-11  1.86381e-10  2.87185e-21  6.06443e-17  1.51041e-73  4.09862e-18  2.89943e-25  5.313e-37  2.96525e-16  4.28238e-12  5.24631e-26  3.94139e-35  4.23008e-31  2.36594e-44  1.5564e-36  1.8874e-15  
1.00594e-11  1.34202e-10  1.06805e-20  3.93733e-15  5.12517e-67  5.07497e-18  6.95686e-27  4.00465e-34  7.74738e-17  1.60554e-13  3.89188e-26  6.70527e-33  5.27196e-31  1.55073e-42  1.53777e-33  1.8845e-17  
3.769e-12  2.61865e-12  2.88539e-23  1.04236e-15  3.25053e-72  3.30208e-19  2.26676e-29  1.26637e-37  1.74089e-18  1.19796e-14  1.64248e-28  2.15888e-34  3.63297e-32  4.87135e-47  5.63998e-35  2.24337e-18  
4.03447e-11  1.76187e-10  5.61468e-21  2.46105e-15  3.66584e-64  5.50045e-17  9.51997e-26  9.4279e-34  2.75224e-16  1.87407e-12  4.90528e-25  2.26932e-31  5.07016e-29  3.04572e-41  7.34644e-32  2.22678e-16  
3.99996e-11  3.6092e-11  4.3735e-21  6.6812e-17  6.11456e-73  7.38446e-19  2.55506e-26  4.14567e-37  7.75187e-17  7.01693e-13  4.6029e-27  3.56451e-35  3.04208e-32  2.06137e-45  1.66605e-35  2.84816e-16  
3.52944e-11  2.89485e-12  1.18333e-23  5.14182e-18  5.89379e-65  1.7233e-18  1.67935e-28  2.9501e-37  1.06604e-17  8.53716e-14  1.60983e-27  1.73531e-33  1.37737e-30  1.00887e-44  9.35692e-32  1.18345e-17  
4.8824e-13  6.94814e-13  8.42803e-25  2.40071e-16  4.02459e-65  3.00522e-19  7.09218e-32  6.49641e-37  1.18144e-19  1.07857e-15  2.18529e-29  3.43597e-34  6.57265e-33  2.88698e-46  7.39365e-33  8.53735e-21  
4.12981e-12  1.23794e-11  7.65381e-22  1.50184e-15  2.8629e-62  1.89423e-18  5.40527e-29  7.64502e-34  8.64014e-18  1.94167e-14  3.54126e-27  2.71158e-32  1.28356e-31  7.68553e-43  8.73589e-31  4.16004e-19  
3.06734e-12  1.54664e-12  4.99202e-23  2.38686e-16  5.47111e-66  3.19044e-19  6.07775e-30  8.39601e-36  1.46348e-18  1.68288e-15  2.31944e-28  3.13057e-33  3.03652e-32  1.3059e-44  1.01126e-32  1.07142e-19  
8.0355e-13  2.13314e-11  5.99269e-22  1.41321e-15  2.21601e-65  2.87689e-19  2.61513e-30  2.27247e-34  1.81124e-18  5.4724e-16  2.96639e-28  8.70944e-34  9.37713e-33  1.57603e-43  2.23891e-33  2.04375e-20  
