-4.617572 1.489886 -0.590568 -0.398269 -1.390686 -0.721459 1.626421 -0.409590 -1.053186 0.803903 0.732390 0.055992 0.793392 
-4.410595 2.736101 -0.261641 -0.284111 -0.372867 -0.456137 1.524418 0.158779 -0.702548 0.541830 0.319309 -0.160179 0.413420 
-4.226569 1.545249 -0.313724 0.833638 0.726549 -1.033565 0.034695 -0.421600 -0.640526 0.099442 -0.671197 0.066756 0.725511 
-2.465873 2.327554 -1.124224 -1.320217 -0.907531 -2.778196 0.310125 -0.443668 -0.705552 -0.041375 -0.548487 -0.187888 0.127094 
-1.986362 0.218553 -2.674423 -1.738740 -2.132252 -2.056197 -0.984074 -1.114755 -1.296706 -1.126010 -0.451122 -0.110442 -0.101586 
-2.875766 0.527163 -1.108053 -2.348846 -1.704218 -1.300039 -0.795937 -0.756066 -1.273484 -0.569984 -0.711527 -0.737413 -0.204760 
-3.152981 0.955961 -1.706698 -1.953204 -1.006289 -1.714813 -0.306626 -0.762602 -0.927977 -0.403588 -0.444667 -0.017140 -0.320340 
-3.012311 -0.039122 -1.671388 -1.051522 -1.207121 -1.612766 -0.385383 -0.020587 -0.916782 0.037976 -0.203409 0.137899 -0.087347 
-5.708589 0.104333 -1.284701 -1.413743 -0.920055 -0.867549 -0.176659 0.640335 -0.992091 0.654477 -0.320542 0.046851 -0.273728 
-6.567310 -0.212856 -0.843305 -0.596929 -1.377399 -0.243563 -0.570544 0.938349 -0.707571 -0.285339 -0.226845 0.334696 -0.894533 
-4.734305 1.638517 -1.973496 -1.963498 -1.667899 -1.989194 -0.507169 0.869402 -1.495160 0.426117 -0.683755 0.003933 -1.048747 
-6.196864 0.217749 -1.966895 -2.650899 -1.686014 -1.836427 -0.752947 -0.198710 -2.313279 -0.554157 -0.054443 0.623415 0.603453 
-7.121730 -0.196900 -2.045470 -1.989136 -1.359620 -2.309420 -0.882339 -0.463643 -1.532193 -0.093864 0.375662 0.678865 1.361388 
-6.791006 -0.670814 -2.122365 -1.320499 -2.227241 -2.469104 -0.155083 -0.361136 -1.308896 0.226522 0.526744 1.123149 1.677955 
-6.847386 -0.944445 -2.053372 -1.929766 -1.894478 -2.816972 -0.407777 -0.467951 -1.815868 0.280984 0.087201 0.984096 1.679632 
-7.490217 -1.911368 -2.184033 -2.076448 -3.269523 -2.748372 -0.897526 -0.912757 -1.873110 -0.042335 -0.126028 0.544615 1.678460 
-8.160274 -1.193362 -2.168392 -2.821575 -2.546315 -3.106640 -0.763418 -0.885152 -1.632679 -0.194775 0.004844 0.827044 1.706650 
-7.418292 -0.577356 -2.279722 -1.880647 -2.764946 -2.598779 -0.409186 -1.166746 -1.295451 -0.260522 0.095367 0.742132 1.418991 
-7.772793 -0.219251 -2.065792 -2.389871 -1.728463 -2.794954 -0.735775 -0.591259 -1.534189 -0.271846 0.306347 0.809912 1.270330 
-7.128104 -0.271422 -2.008954 -1.573497 -1.954705 -2.611585 -0.555438 -0.382360 -1.443328 -0.104411 0.490448 0.667626 1.483295 
-7.321044 -0.167713 -1.753902 -1.460246 -1.436226 -2.172957 -1.179651 -0.486872 -1.804858 -0.140727 -0.061612 0.746466 1.083539 
-6.757776 0.344194 -2.418218 -1.465063 -1.274521 -1.787857 -1.427796 -0.582437 -1.315707 -0.330154 0.135547 -0.089109 0.440196 
-5.961111 -0.503392 -2.092937 -1.819863 -1.522183 -1.346027 -0.582896 -0.471509 -1.012575 -0.111150 -0.914448 0.122551 -0.667400 
-4.126163 0.035122 -1.018067 -1.176649 -1.385841 -1.129406 -0.167068 1.021304 -1.081683 0.165321 0.051645 -0.369822 -0.574184 
-2.995089 -1.006849 -2.601926 0.381740 -0.954790 -1.776529 0.816344 0.056203 -0.591437 0.318383 -0.234007 0.047441 -0.099278 
-2.435336 -0.632148 -3.030965 0.901301 -1.456460 -1.605614 0.003501 0.479200 -0.558761 -0.124582 -0.172672 -0.169835 -0.516061 
-2.566172 -1.271114 -2.101349 -1.172594 -1.196416 -1.463611 -0.661270 -0.402169 -0.606207 -0.557764 -1.235650 -0.634343 -0.496658 
-3.307407 -1.069008 -1.835809 -0.533750 -2.923915 -1.946301 -0.209812 -1.500305 -1.052474 -1.103431 -1.246231 -0.942154 0.287562 
-4.602692 -0.764202 -1.966848 -0.659429 -3.104461 -2.541656 0.253058 -1.980416 -1.518449 -1.481380 -0.560660 -0.877324 0.380799 
-4.671806 -0.107955 -1.958499 -1.115394 -2.295994 -2.478577 -0.221631 -1.215881 -1.924265 -1.116538 -0.910784 -0.421627 0.011808 
-4.111333 -0.786455 -1.870556 -0.716882 -2.137481 -2.442560 -0.452010 -1.093837 -2.112330 -0.988729 -0.700653 -0.149552 0.006826 
-4.705585 -1.217033 -1.517709 -1.113007 -2.398313 -2.018251 -1.143327 -0.843671 -2.032690 -1.114433 -0.487488 -0.319984 0.120845 
-5.149549 -1.121010 -1.309875 -1.377842 -1.910807 -2.131688 -1.083891 -0.885583 -2.060176 -1.252022 0.118295 -0.680522 0.660124 
-4.884233 -0.931537 -1.610174 -0.995099 -2.005836 -2.427648 -0.861405 -0.764504 -2.505182 -0.881649 -0.526620 -0.174826 0.305698 
-4.970951 -1.149563 -1.804104 -1.159307 -2.054132 -2.632516 -0.508919 -1.415885 -2.309471 -0.584858 -0.834235 -0.058914 0.269557 
-5.573382 -1.168335 -2.171643 -0.948792 -2.293502 -2.489018 -1.181348 -1.203441 -2.730856 -0.635484 -0.720820 -0.560432 0.704053 
-4.866704 -1.464240 -2.290566 -0.634396 -2.560298 -2.671633 -0.349273 -1.777398 -1.961115 -1.074335 -0.554620 -0.593647 0.384117 
-4.106733 -2.001261 -2.042179 -0.331135 -2.236020 -2.791811 -0.472324 -1.374144 -2.002742 -1.263559 -0.446968 -0.257419 0.135885 
-3.440250 -1.909225 -2.354155 -0.295382 -2.347035 -2.888084 0.129495 -1.697329 -1.658782 -1.167091 -1.024991 -0.199937 -0.086619 
-3.296989 -1.736703 -2.003301 -0.165433 -2.800468 -2.687371 0.700594 -1.830602 -1.340687 -1.117679 -0.983320 -0.442582 0.178367 
-4.373430 -1.038434 -2.261290 -0.349874 -2.914505 -2.594590 0.435326 -1.426741 -1.561694 -1.298593 -0.718538 -0.731242 -0.200792 
-3.592069 -1.274735 -2.037551 -0.577018 -2.523280 -2.090635 0.185808 -0.734257 -1.459836 -1.208848 -0.938467 -1.027278 -0.513749 
-3.621206 -0.688049 -1.994009 -0.619587 -0.555303 -1.543824 0.036751 0.295164 -0.692294 -0.018172 0.005716 -0.447804 -0.336413 
-4.806202 -0.348065 -0.762759 -1.840083 -0.932843 -1.697381 -0.075369 -0.546346 -1.012900 -1.203191 -0.449088 -1.242121 -0.573277 
-5.214675 -0.469449 -1.261003 -1.731523 -1.541655 -2.043808 -0.677045 -0.130471 -1.151835 -1.566806 -0.460137 -1.382211 -0.488880 
-5.064410 -0.691639 -0.932517 -1.490740 -1.899785 -1.851020 -0.474638 0.032765 -1.508410 -0.968812 -0.855186 -0.925177 -0.736802 
-5.127816 -0.764663 -1.334927 -2.226378 -1.395390 -2.639597 -0.485376 -0.264783 -2.032108 -1.529491 -0.395825 -0.977339 -0.807739 
-5.481744 -0.857711 -1.389573 -0.936410 -2.161143 -1.638972 -0.935757 -0.307816 -2.240024 -1.039330 -0.185960 -0.381956 0.228401 
-5.936502 -1.384223 -0.915742 -1.365752 -1.725907 -1.808286 -1.135194 -1.469324 -1.726744 -1.054176 -0.299365 0.084129 0.414985 
-6.700939 -1.019532 -0.692050 -1.456551 -1.571406 -1.618838 -1.285394 -0.941204 -1.642141 -0.881030 0.155285 -0.010111 0.873434 
-6.369275 -1.404330 -1.819642 -1.373140 -1.974513 -1.663344 -1.267360 -0.786270 -1.291342 -0.623987 0.511632 0.282098 1.428533 
-6.457346 -1.526585 -1.296830 -1.281609 -1.942378 -1.991073 -0.171116 -1.377103 -1.037103 -0.038321 0.283511 0.503663 1.703620 
-6.701425 -2.288051 -1.441419 -1.625215 -2.981678 -2.308000 -0.631106 -1.097973 -1.412455 -0.068081 -0.047653 0.900646 1.543602 
-6.540071 -1.846723 -1.097470 -1.779534 -2.355875 -2.446423 -0.547369 -0.827646 -0.608329 -0.904701 0.505450 0.970952 1.402209 
-7.254377 -0.826914 -1.828902 -1.286360 -2.472671 -2.474656 -0.263621 -0.957440 -0.531280 -0.544673 0.598887 1.032006 1.355188 
-7.789352 -1.068066 -1.600251 -1.922496 -2.648008 -2.324218 -0.818652 -0.384083 -0.652374 -0.013180 0.989110 1.070727 1.648067 
-7.008771 -0.348681 -1.139861 -1.686516 -2.231675 -1.989687 -0.683434 -0.451828 -0.166181 -0.153728 1.366520 0.873797 1.516181 
-7.287755 -0.825194 -1.515462 -2.015125 -2.662867 -2.522954 -1.244728 -0.304091 -0.690180 0.035433 1.251619 1.155632 1.097546 
-6.300579 0.498273 -1.886258 -0.787084 -2.509990 -2.250476 -0.830711 -0.483490 -0.069699 0.390299 1.358115 1.318485 1.165339 
-6.310494 0.468556 -2.144376 -1.706657 -2.207330 -2.898378 -0.704480 -0.601731 -0.558533 0.289050 1.367836 0.962496 1.355732 
-5.855043 0.178013 -2.901067 -1.831337 -2.871667 -3.214064 -1.102386 -0.880492 -0.793459 0.720117 1.252985 1.484817 1.168542 
