3.9257e-20  2.38032e-15  6.22954e-15  2.45424e-24  8.10592e-16  1.45104e-20  1.2049e-41  5.28966e-38  4.72636e-23  1.05919e-26  2.84156e-36  5.86292e-15  8.15012e-25  7.5855e-25  1.08709e-21  4.33672e-11  
2.13604e-24  7.94971e-19  1.8251e-17  2.51211e-29  4.10972e-19  4.09913e-18  3.07716e-46  1.20958e-48  2.82496e-28  1.31723e-30  9.26674e-40  1.02116e-16  1.22039e-29  2.88606e-25  2.02199e-24  1.08653e-10  
5.15244e-19  1.99055e-16  4.69366e-14  7.33566e-28  3.57208e-20  3.41962e-16  3.77539e-45  2.68021e-38  8.06885e-21  2.67964e-31  1.41209e-42  4.93678e-13  3.81918e-26  7.63384e-28  3.19785e-20  1.75659e-10  
8.32101e-21  1.43465e-15  1.11577e-13  8.69408e-29  6.73578e-19  5.18351e-12  1.78585e-46  3.04114e-38  2.73434e-20  1.30752e-30  1.11497e-43  1.8479e-11  4.03192e-20  3.87664e-26  1.46176e-19  2.37656e-10  
1.61282e-17  8.05752e-15  3.64194e-10  1.7158e-25  4.11672e-19  1.43054e-08  4.70416e-38  1.0581e-24  1.48353e-17  5.34687e-27  1.99675e-42  1.10195e-07  5.76196e-16  9.32614e-27  9.02474e-14  7.04297e-10  
1.01687e-21  7.90085e-16  5.1316e-13  5.62329e-30  3.56515e-20  4.67717e-08  1.07359e-39  2.44859e-28  2.81841e-24  1.07334e-28  4.67658e-42  3.64358e-09  2.18502e-19  3.67169e-25  2.67737e-15  1.98906e-09  
4.29624e-19  2.74471e-14  1.90499e-11  8.73015e-26  2.53201e-17  8.80654e-09  3.30565e-36  9.91219e-31  1.81411e-18  1.09827e-25  2.53046e-37  5.42939e-09  7.56306e-18  2.64612e-23  3.60677e-16  4.30723e-09  
9.99666e-17  2.22318e-12  4.43754e-11  8.82875e-22  2.3044e-14  1.55174e-10  3.26894e-31  2.67003e-24  5.95003e-15  2.45182e-21  2.17009e-31  2.45146e-09  2.38436e-15  9.26044e-21  1.08195e-14  1.63016e-08  
3.42621e-21  3.97397e-14  2.14849e-14  3.42642e-25  2.58473e-15  1.29723e-12  9.9923e-33  5.28872e-33  1.0239e-21  6.54478e-24  6.8739e-31  2.50211e-12  1.31479e-20  9.05382e-20  8.78515e-20  3.07512e-09  
4.46554e-25  1.48534e-17  1.37814e-16  1.46108e-28  3.98127e-17  1.219e-11  4.20407e-34  4.07126e-36  5.45293e-23  6.10405e-27  7.16754e-33  1.32186e-14  9.12565e-25  1.27161e-20  6.64902e-23  1.09742e-09  
6.85781e-28  3.62802e-19  9.43349e-19  3.04697e-33  4.1097e-19  5.28666e-12  1.04575e-42  1.99158e-42  2.31317e-27  5.44582e-31  8.62906e-40  4.33928e-15  1.82839e-22  3.76125e-23  7.89875e-23  5.45825e-11  
2.43953e-14  1.27241e-10  1.80079e-09  6.17482e-22  1.08055e-16  4.53985e-14  4.00351e-37  2.39586e-27  3.32182e-20  5.97714e-30  5.78601e-44  7.08628e-10  3.46518e-19  3.0951e-30  1.8231e-16  1.03119e-11  
4.49089e-11  1.33055e-07  1.60401e-08  6.24368e-18  4.01085e-13  4.86321e-19  1.5771e-31  4.62582e-24  1.00889e-14  2.38514e-26  1.62346e-37  2.60737e-10  1.38236e-16  3.21427e-28  7.01407e-18  1.55607e-12  
1.37383e-10  8.67782e-08  1.3581e-09  9.82665e-17  1.30291e-11  4.23943e-24  1.59917e-32  6.45938e-22  1.098e-12  6.47217e-25  1.65315e-36  5.42445e-13  2.09112e-15  1.20375e-27  2.21303e-18  8.52978e-14  
3.45219e-11  3.45903e-08  2.81734e-09  3.59633e-19  1.09184e-13  1.30172e-22  1.05754e-37  9.33222e-23  1.88355e-14  6.35624e-29  1.14547e-41  4.09088e-12  1.65783e-15  2.40985e-30  9.70355e-18  3.7598e-14  
6.91484e-12  3.23058e-09  8.652e-10  3.22034e-21  1.49958e-15  1.23938e-21  5.19459e-39  4.21453e-20  5.58388e-15  4.61026e-31  2.29085e-44  1.14922e-11  1.20448e-16  7.34381e-32  3.40017e-18  1.33528e-14  
1.09712e-11  1.16096e-08  3.49541e-09  8.26423e-21  6.6485e-15  3.05211e-22  1.82312e-39  2.93046e-24  3.75417e-17  2.81196e-32  4.67244e-45  6.54184e-12  1.80592e-17  2.23436e-32  4.81388e-20  2.8251e-15  
2.45712e-11  2.02891e-08  2.31343e-08  3.50264e-19  7.80908e-14  9.97977e-20  1.29039e-35  3.36983e-23  5.85583e-13  6.33335e-28  9.17357e-41  1.25687e-10  1.03322e-16  2.4114e-29  2.95803e-19  1.74655e-13  
1.20359e-11  4.99795e-08  1.12451e-08  8.21013e-19  1.1724e-13  3.88692e-19  1.37348e-34  3.8448e-26  3.48806e-16  8.00122e-29  1.48606e-40  1.53093e-10  1.3684e-17  1.05676e-29  1.85986e-19  2.11389e-13  
2.23442e-11  1.07537e-07  4.62459e-09  3.17844e-18  8.23039e-13  1.48621e-20  2.40645e-33  1.33691e-23  1.55329e-13  1.20099e-26  3.23202e-38  2.86366e-11  1.45553e-16  1.75291e-28  1.15774e-18  5.1614e-13  
5.90816e-12  1.6262e-08  1.42595e-08  9.54421e-20  8.79543e-15  7.35009e-17  6.03603e-35  9.75385e-25  1.00335e-14  4.9158e-29  6.53214e-41  1.57718e-09  1.07327e-17  1.61477e-29  3.79982e-18  2.80754e-12  
6.52264e-15  2.99135e-10  1.14145e-09  3.02421e-21  3.85441e-15  3.99504e-12  2.8042e-30  5.45281e-27  6.02533e-17  1.42095e-25  3.09487e-35  2.68439e-08  1.40669e-18  3.05861e-25  4.23219e-18  2.62973e-10  
1.46818e-20  8.35802e-15  1.10082e-12  5.38412e-28  9.57032e-18  8.92218e-09  9.15151e-37  1.77145e-29  6.79251e-19  1.87281e-27  2.09204e-36  1.33565e-09  5.87243e-19  1.24232e-21  2.63368e-18  1.21831e-09  
1.08224e-24  1.49724e-16  1.79196e-16  1.67693e-27  5.47742e-16  1.65351e-11  1.5452e-33  3.97488e-32  4.89483e-24  1.44692e-23  2.36395e-31  1.02177e-13  4.53036e-21  6.10592e-20  3.86424e-19  5.4121e-09  
7.92104e-19  3.39473e-16  7.40358e-13  4.73663e-24  2.30666e-15  1.53845e-12  9.84385e-38  1.33887e-26  8.33189e-17  4.24931e-22  6.74196e-31  1.18122e-11  3.67004e-18  1.21818e-19  2.95191e-16  5.24383e-09  
2.75655e-21  1.13667e-18  1.21391e-14  5.631e-26  3.335e-16  3.09771e-11  8.24226e-36  2.78358e-27  4.7568e-19  7.318e-22  1.61465e-30  1.07215e-12  1.72887e-19  2.2161e-19  3.41599e-17  6.40266e-09  
4.11505e-22  1.23161e-17  5.29504e-14  1.56385e-31  5.24416e-21  3.21894e-07  3.80173e-41  2.48605e-24  7.05798e-21  1.17131e-27  2.71729e-39  1.50556e-09  2.11433e-17  1.95291e-21  2.15055e-14  6.36685e-09  
8.32083e-22  4.78663e-18  2.17531e-13  1.6676e-33  6.18229e-24  2.13672e-10  1.10985e-50  1.2316e-23  2.52161e-21  5.41413e-33  8.71209e-51  7.77243e-10  2.49314e-20  1.15498e-28  5.4025e-16  4.17815e-11  
3.98044e-23  1.36507e-18  4.80025e-13  5.0698e-33  3.77744e-24  3.12589e-12  6.84838e-53  3.44403e-29  6.03398e-23  3.35864e-35  3.13291e-54  1.19426e-10  1.30373e-23  7.50101e-33  1.07286e-18  1.58353e-12  
4.30136e-21  2.01552e-16  5.68738e-12  5.8971e-32  5.16138e-23  1.83055e-09  2.51935e-51  2.21387e-29  1.47113e-20  1.64314e-35  7.04269e-53  4.90917e-09  2.99692e-21  1.8802e-31  3.80382e-17  2.34021e-11  
5.4011e-19  1.63552e-15  4.6366e-11  9.0125e-29  2.24434e-21  1.27454e-09  1.30831e-47  2.93133e-25  1.31979e-17  5.51761e-33  1.09339e-49  1.78182e-08  2.16631e-19  5.81128e-31  2.75556e-15  6.64962e-11  
1.84609e-18  4.35748e-14  6.91521e-11  1.97126e-27  1.32143e-20  1.13821e-09  2.85075e-42  4.26303e-22  2.90816e-18  3.00391e-31  6.29945e-47  3.38881e-08  3.6488e-19  4.73679e-30  1.47041e-14  1.15579e-10  
3.89075e-18  3.65239e-13  1.09703e-10  1.98836e-26  3.95839e-20  4.4613e-12  2.58657e-40  1.91676e-22  9.64277e-21  8.95157e-31  1.4476e-46  9.1135e-09  2.4445e-20  2.35926e-31  7.89324e-15  2.70045e-11  
5.7699e-18  4.86313e-14  6.70567e-11  8.21885e-28  4.68454e-21  7.39567e-11  1.41583e-46  4.40698e-24  1.26477e-18  5.42842e-34  2.16538e-50  1.0453e-08  1.0111e-19  1.56625e-32  4.00314e-15  2.56833e-11  
1.10785e-17  1.88238e-14  9.27467e-11  5.01989e-28  4.35733e-21  5.4135e-11  1.53866e-48  1.35142e-24  3.29206e-17  4.03823e-34  1.36296e-50  2.41577e-08  8.55242e-19  4.07907e-32  5.33657e-16  1.39362e-11  
1.98264e-18  5.95213e-15  7.23781e-12  5.7863e-30  9.02874e-23  8.19816e-13  5.86495e-50  5.09543e-24  2.73564e-21  6.36966e-37  8.70979e-54  2.10629e-09  9.83576e-21  8.72939e-35  2.37999e-16  1.39962e-12  
1.39241e-19  2.09723e-16  2.13506e-11  2.13853e-29  3.54144e-22  2.25901e-11  1.10049e-48  7.96529e-25  4.13525e-19  2.29942e-33  8.37786e-51  5.33997e-09  1.35903e-20  2.89826e-32  9.39225e-17  5.9484e-12  
9.53806e-19  2.56374e-16  5.95828e-11  6.13279e-28  9.51604e-22  1.55859e-10  1.66206e-47  5.71845e-23  5.31765e-17  2.32763e-32  1.21553e-49  1.47816e-08  1.57984e-19  8.35376e-32  5.98366e-15  2.04331e-11  
1.1694e-20  8.96393e-19  3.48864e-12  2.19904e-31  1.29125e-23  4.64197e-10  5.64246e-54  1.21896e-25  1.05937e-17  1.41326e-34  1.37571e-52  3.32974e-09  9.93922e-20  2.67577e-31  4.37604e-16  1.20628e-11  
1.74563e-21  3.75368e-19  1.09845e-12  2.68058e-32  1.20954e-23  2.90484e-11  9.82004e-56  6.78459e-26  7.24607e-19  1.64257e-34  9.53162e-53  3.47502e-10  6.74662e-21  6.59357e-31  7.11667e-17  9.28681e-12  
2.88438e-24  1.14717e-19  6.79715e-14  4.57917e-34  7.93756e-24  3.81936e-10  1.75229e-53  8.21805e-30  1.2727e-22  6.02017e-35  6.03118e-52  1.17871e-10  3.05441e-23  2.12502e-30  4.90445e-18  1.00233e-11  
1.39305e-26  6.86766e-21  1.58381e-15  1.5505e-36  2.06775e-24  2.22401e-08  1.32947e-51  7.6404e-29  5.50366e-26  6.04131e-34  1.41541e-49  3.77617e-11  6.98195e-23  1.906e-27  1.82362e-16  7.55855e-11  
4.49693e-21  1.74343e-15  8.13448e-14  2.96305e-25  1.10647e-15  2.35551e-10  2.79751e-32  5.77626e-28  5.18935e-20  1.23661e-21  1.83617e-29  3.01059e-11  7.71829e-19  4.21363e-19  3.36477e-16  1.8668e-08  
1.85101e-28  1.65644e-19  6.08876e-16  5.20307e-36  5.42595e-23  4.55009e-08  8.95297e-45  2.21048e-34  1.63605e-30  2.6078e-32  1.08631e-44  1.71671e-11  1.97651e-25  1.15336e-25  2.91665e-18  2.41826e-10  
4.87258e-29  1.62905e-19  1.9933e-16  5.0181e-37  4.52223e-24  1.43254e-08  9.12589e-46  2.8864e-33  4.41519e-32  8.71693e-34  1.29169e-47  6.88182e-12  1.75184e-25  5.14599e-27  1.8954e-18  4.09281e-11  
6.27942e-28  3.40677e-19  2.0475e-16  1.36279e-36  4.83641e-23  6.08771e-08  1.82319e-47  8.56074e-32  1.01316e-27  3.71964e-34  7.60568e-47  9.88023e-12  7.21303e-24  2.54219e-26  2.36122e-18  1.54593e-10  
1.42437e-29  1.20094e-20  1.13506e-16  8.50728e-38  5.07163e-25  1.26349e-08  1.36459e-50  6.13918e-36  3.24916e-32  1.64638e-37  5.60243e-52  5.68175e-12  7.73064e-26  1.34309e-30  1.9866e-18  6.31884e-12  
6.6792e-19  6.17876e-14  2.59666e-11  3.81084e-27  5.25003e-20  1.57228e-10  6.21142e-41  2.31796e-24  2.29565e-20  3.87976e-31  7.95023e-46  2.98752e-09  2.67294e-21  5.92885e-30  1.28791e-15  1.36134e-10  
8.39414e-16  3.93241e-12  7.62483e-09  5.85268e-24  6.70493e-19  5.21493e-11  1.52749e-38  4.35862e-22  2.86105e-15  7.94636e-30  1.53967e-44  2.34884e-07  2.95259e-19  2.74756e-30  5.73625e-16  7.12535e-11  
2.06264e-14  4.57465e-10  9.68944e-09  5.64888e-22  6.27407e-17  1.54112e-13  1.66417e-34  8.4256e-22  6.95877e-16  1.48171e-28  2.02004e-41  3.41125e-08  1.23694e-19  1.19611e-29  1.42139e-16  4.4646e-11  
1.13499e-10  6.57669e-08  5.72394e-08  1.09582e-17  7.81776e-14  1.07747e-17  1.28e-28  7.1194e-17  5.86773e-12  6.11623e-24  7.81753e-36  2.42895e-09  1.06134e-15  2.28414e-27  2.33849e-15  1.23426e-11  
4.13295e-11  1.75071e-08  3.69015e-08  1.67541e-18  2.75723e-13  1.29597e-20  4.12111e-33  8.39068e-19  2.29122e-10  1.04967e-24  1.05333e-36  9.96121e-11  7.74829e-16  1.26564e-27  2.40841e-17  1.42814e-12  
1.90871e-10  1.98603e-08  1.05348e-08  3.34546e-18  7.82275e-14  6.62977e-21  1.95851e-34  1.59738e-16  5.74781e-11  1.71458e-26  9.6283e-40  5.77359e-11  6.32681e-15  3.99727e-29  1.52338e-16  1.90637e-13  
1.26505e-10  1.20479e-07  2.71644e-08  7.65063e-17  4.93736e-13  3.65297e-20  6.86032e-31  3.59054e-17  1.45721e-10  2.36289e-24  2.62062e-37  5.21966e-11  1.91212e-15  1.54858e-27  8.15204e-17  7.28962e-13  
1.08091e-10  8.02009e-08  1.0321e-08  2.01318e-16  6.13295e-12  4.08455e-21  2.13476e-30  3.42663e-21  9.62358e-11  4.52765e-24  1.36485e-35  1.43802e-11  2.06837e-16  1.19268e-26  1.84627e-19  4.17405e-13  
2.93408e-10  9.44622e-07  1.33703e-10  8.33879e-15  3.89188e-10  1.86447e-25  1.84573e-25  6.42995e-20  1.75677e-13  9.44786e-23  6.06502e-32  1.7357e-13  7.49266e-16  7.3508e-26  3.44776e-20  4.51199e-14  
7.10248e-11  7.04162e-07  1.61139e-11  2.34424e-14  7.88241e-10  3.39233e-25  6.88192e-23  1.59778e-20  6.7836e-13  2.49772e-20  6.09312e-29  1.04766e-13  2.39611e-16  5.62244e-24  2.06853e-20  4.61588e-13  
1.20894e-10  9.43658e-07  8.84455e-12  5.5461e-13  2.17575e-09  4.76283e-24  3.29142e-22  6.11149e-20  2.82047e-14  1.06948e-20  3.02891e-29  8.68268e-13  4.11291e-15  1.52077e-24  9.12397e-20  2.18269e-13  
7.59012e-11  9.75514e-08  5.10158e-13  2.10133e-12  1.14294e-08  1.06124e-26  2.43574e-21  7.40267e-23  2.39359e-12  4.17928e-18  2.26121e-26  1.26507e-14  2.31112e-15  1.57656e-22  2.1896e-21  2.67487e-13  
8.22823e-11  3.3123e-07  4.17546e-12  8.29431e-14  1.13485e-09  1.07434e-25  2.47628e-25  3.38571e-24  2.6052e-13  7.66148e-21  3.34762e-30  1.87029e-13  9.6942e-15  6.47639e-25  1.55174e-20  1.37096e-13  
1.67409e-10  5.54065e-08  2.97786e-13  4.61029e-12  2.90269e-09  3.64208e-28  1.0123e-24  8.96386e-24  1.10066e-14  2.89526e-20  3.17247e-30  3.36659e-14  4.91013e-13  1.52249e-25  3.12049e-20  7.01156e-15  
