2.65079e-15  3.58876e-11  4.7561e-17  3.53745e-15  2.73823e-22  1.38553e-14  2.46134e-27  2.47535e-13  1.64273e-15  1.52088e-24  1.76566e-16  5.84666e-20  5.54112e-24  3.77007e-13  6.11092e-22  2.49589e-28  
3.48719e-16  3.66217e-10  5.12967e-20  1.68078e-15  2.48975e-23  5.86519e-15  1.15753e-33  2.91459e-15  4.23457e-18  1.37604e-26  3.42873e-20  1.6311e-24  2.75176e-24  1.42431e-16  5.84048e-26  2.67517e-31  
2.0834e-12  5.5691e-10  5.98195e-19  8.80064e-17  3.33032e-17  6.07421e-14  1.54388e-27  1.27228e-16  1.00196e-14  5.20208e-23  5.22622e-18  2.16364e-17  3.45751e-18  2.10494e-14  7.56081e-17  1.35319e-26  
3.69413e-11  3.10987e-10  1.04032e-19  2.8312e-16  7.86135e-24  6.43797e-12  2.49012e-29  6.92539e-17  8.42396e-15  9.68929e-22  7.77293e-18  4.41329e-20  1.06565e-14  4.04571e-17  2.1585e-21  3.16236e-23  
1.05518e-07  4.82642e-11  3.0592e-18  1.18245e-18  2.56158e-22  1.54461e-09  1.14472e-20  4.85357e-19  3.25317e-11  1.69848e-13  3.40621e-14  8.79216e-17  4.15301e-11  3.37728e-17  3.47942e-15  8.28174e-15  
1.49948e-08  9.26966e-11  2.53351e-20  5.964e-17  3.24055e-18  2.11105e-08  3.91306e-26  3.45576e-19  2.56392e-13  4.10111e-15  8.49656e-15  7.00075e-19  4.71247e-11  1.09958e-18  5.68569e-15  1.9032e-17  
8.75058e-09  3.83143e-09  1.24543e-17  1.43789e-15  6.40963e-18  2.45342e-09  3.06514e-24  8.58343e-16  2.63682e-12  3.90526e-16  2.57951e-14  1.82435e-16  4.79365e-11  4.26693e-15  8.84221e-15  4.42683e-19  
5.50244e-09  3.30267e-08  4.41094e-15  8.60045e-14  1.76974e-16  2.23917e-09  9.53615e-21  1.8044e-13  2.796e-11  3.80323e-15  5.68933e-13  2.75473e-13  4.14595e-12  1.33756e-12  4.39146e-12  4.45037e-18  
8.12563e-12  1.258e-08  1.58015e-16  7.62149e-13  2.97411e-12  3.45636e-10  8.50733e-26  7.57118e-13  6.6092e-14  3.15932e-19  1.45173e-14  1.4074e-15  8.15781e-16  3.81328e-12  6.76984e-13  7.03101e-25  
4.92683e-13  2.45472e-09  4.67483e-18  5.52673e-14  1.72153e-11  4.79723e-10  4.03664e-28  1.60615e-13  6.58569e-16  3.1084e-19  3.99282e-16  8.3665e-18  8.90449e-16  7.63967e-14  3.68272e-14  1.96341e-27  
9.57131e-13  8.37138e-12  4.13422e-21  6.44821e-15  3.40609e-18  2.69524e-11  5.31126e-33  1.5893e-16  7.49479e-17  8.08961e-22  2.0412e-19  6.88517e-21  2.02239e-17  8.14731e-18  2.80209e-18  1.00097e-26  
9.9308e-11  1.96054e-12  2.23533e-15  7.25466e-19  2.1679e-12  4.50919e-11  5.41939e-21  2.31117e-14  4.409e-11  7.80377e-21  2.0408e-11  1.07045e-13  5.086e-10  8.36936e-09  2.00232e-13  5.77511e-22  
7.46688e-12  5.51043e-13  4.42119e-13  3.95878e-17  5.18045e-12  6.29783e-13  7.95949e-19  3.99263e-11  1.11653e-10  1.3428e-22  3.43619e-11  6.31818e-11  4.64493e-11  1.10598e-06  1.2796e-12  3.44909e-24  
7.80467e-14  9.39013e-15  2.72083e-12  1.48175e-16  1.40986e-15  3.8667e-15  1.73055e-17  4.2756e-10  5.52201e-11  4.93299e-24  1.72281e-11  1.99679e-10  7.45673e-15  5.80809e-07  5.42956e-15  5.85421e-25  
5.67197e-13  2.10899e-15  2.43703e-13  7.86753e-18  3.85169e-15  2.63068e-14  1.0435e-17  5.28241e-12  1.24858e-10  4.08687e-24  1.02379e-10  4.31183e-10  1.54084e-13  5.23416e-07  1.34888e-13  7.64399e-24  
1.56539e-12  1.69389e-16  6.62743e-15  1.83148e-19  3.59526e-16  7.05653e-14  1.12363e-17  8.36647e-15  3.29703e-11  3.77334e-23  3.2951e-11  2.51407e-11  1.95254e-14  1.15395e-08  3.15598e-15  1.71112e-23  
2.33402e-13  1.38934e-16  1.60672e-14  1.81806e-19  5.42316e-17  5.81482e-15  4.75829e-19  7.7024e-14  1.96515e-11  1.85327e-25  1.43133e-11  8.67139e-12  1.20165e-13  3.27447e-08  4.78755e-16  5.36875e-26  
3.97797e-12  2.65356e-14  4.87016e-14  3.36373e-18  3.14773e-15  1.72803e-13  1.52055e-18  1.62358e-12  3.75335e-11  1.21168e-22  1.28726e-11  7.97807e-12  6.10017e-13  8.15878e-08  1.43841e-15  1.99e-24  
2.25747e-12  1.0792e-13  1.63081e-13  5.91736e-18  1.55212e-13  1.22005e-13  7.13118e-20  9.9894e-12  3.22999e-11  3.22127e-24  1.1311e-11  8.31172e-12  3.69968e-11  3.73839e-07  2.41082e-14  7.70697e-26  
1.34685e-12  1.06384e-13  2.8254e-13  3.12575e-17  1.90594e-13  1.65012e-13  4.89267e-19  7.01638e-11  3.66901e-11  1.86691e-23  1.08168e-11  4.70035e-11  3.38132e-12  9.84522e-07  6.81818e-14  5.41687e-25  
4.22471e-11  1.52598e-12  5.96049e-14  9.14062e-18  3.44258e-10  6.10894e-12  2.0909e-19  3.0659e-12  5.59076e-11  5.02488e-22  4.17656e-11  1.82106e-11  3.30527e-10  7.58293e-07  6.55404e-12  7.39173e-24  
9.38665e-10  3.07548e-10  2.22379e-15  1.98102e-16  1.50329e-09  3.49922e-10  5.38567e-22  7.84603e-13  7.90781e-12  8.11197e-19  3.53745e-13  1.31197e-13  6.66039e-10  1.19179e-09  1.90141e-11  4.53629e-23  
2.797e-09  1.27652e-09  5.51191e-18  1.55374e-14  1.33197e-11  2.13109e-08  1.58691e-23  2.88017e-15  9.22425e-13  9.60268e-16  2.77689e-13  2.14812e-14  1.29749e-11  2.25141e-13  3.41018e-11  8.49024e-22  
9.64581e-12  2.87219e-09  6.12068e-18  2.78719e-13  1.11462e-15  1.04573e-09  5.68421e-28  5.87379e-14  4.79855e-15  8.02645e-18  2.92193e-16  2.51664e-17  1.8746e-15  1.99797e-15  6.09188e-14  2.24624e-23  
1.94831e-10  2.34853e-08  4.97198e-16  3.9075e-13  6.57283e-22  2.72084e-11  2.08291e-20  1.73861e-14  2.3692e-12  6.63022e-15  5.6913e-15  3.85344e-13  1.72983e-18  2.91015e-14  3.90619e-13  2.93389e-20  
1.76642e-10  6.90732e-09  1.97095e-17  9.87826e-14  1.4595e-23  2.58469e-11  1.29036e-22  3.91454e-16  1.24927e-13  6.57729e-14  7.9687e-18  1.59803e-15  4.77239e-19  1.46735e-17  3.20664e-14  4.16011e-20  
4.27746e-08  6.56897e-10  1.4362e-20  3.7052e-15  7.45688e-19  7.04404e-08  1.77277e-22  7.48847e-20  1.0177e-12  2.66176e-11  1.6032e-14  1.1159e-15  3.26384e-12  1.3272e-19  1.10669e-11  2.50502e-16  
7.20437e-09  2.05671e-13  8.20841e-23  1.74799e-19  5.68006e-20  4.23966e-09  2.50213e-23  5.17255e-22  9.99735e-14  1.25275e-13  3.43828e-15  8.7806e-18  1.64884e-13  4.33312e-20  4.06373e-15  2.7791e-17  
4.07521e-10  5.53044e-15  1.07977e-22  6.68793e-22  5.13685e-20  1.73518e-10  3.29919e-25  4.64624e-21  1.51555e-14  4.45097e-17  9.46613e-16  6.69824e-19  1.06926e-13  1.64383e-18  1.12029e-16  1.80708e-20  
8.04239e-09  5.09276e-13  2.69277e-21  2.21184e-20  7.14932e-16  7.15373e-09  3.06256e-24  1.0549e-19  3.88089e-13  8.24915e-17  4.15172e-14  1.13917e-16  2.04374e-10  1.70021e-15  1.2355e-13  1.34351e-19  
3.23224e-08  2.20155e-12  3.57871e-19  7.12431e-20  1.53383e-15  1.21379e-08  3.04562e-21  1.34411e-18  6.80382e-12  1.21302e-15  1.12488e-12  1.89617e-14  6.28435e-10  5.93852e-14  1.11404e-11  1.21093e-17  
3.17276e-08  3.34472e-12  1.25768e-18  1.22971e-19  3.90024e-12  4.50381e-08  7.97185e-21  9.98247e-18  9.59511e-12  2.71704e-15  9.47553e-12  4.25904e-14  1.75636e-08  3.99572e-13  1.31877e-10  2.6616e-17  
3.3057e-09  3.14454e-13  2.31247e-18  3.21036e-20  6.11315e-12  5.14018e-09  1.28883e-21  5.3116e-17  4.82838e-12  4.02801e-17  6.73864e-12  1.85008e-14  8.93767e-08  5.60819e-13  7.48715e-11  1.14723e-18  
9.20682e-09  4.87928e-13  1.42679e-18  2.05395e-20  6.56766e-13  8.98987e-09  3.93261e-21  3.86519e-18  1.0325e-11  2.43999e-17  7.93497e-12  1.06013e-13  5.60745e-09  4.16915e-12  8.11471e-11  1.30614e-18  
1.69642e-08  3.44749e-13  1.47918e-18  5.52235e-20  3.73303e-14  7.79496e-09  1.29784e-20  2.17666e-18  1.35636e-11  5.57229e-17  1.05967e-11  2.58919e-13  2.99396e-10  1.7088e-12  3.78263e-11  9.42799e-19  
1.84988e-09  2.30789e-15  3.75841e-20  9.55592e-22  5.92046e-14  1.17477e-09  6.08468e-22  1.75332e-20  1.70303e-12  2.5503e-18  5.74033e-13  7.69766e-15  2.59852e-11  8.99554e-14  8.20113e-12  7.76769e-20  
7.82233e-09  4.75462e-14  5.3205e-20  6.24412e-21  1.40739e-16  2.10834e-09  1.47479e-21  1.85235e-19  1.17312e-12  5.84766e-16  1.6839e-13  3.38796e-15  1.69174e-11  2.45233e-15  1.02246e-12  1.04673e-18  
2.64427e-08  5.22706e-13  9.54962e-19  1.369e-20  1.93864e-16  5.45517e-09  1.87949e-19  1.22781e-18  9.53818e-12  5.75625e-15  2.61021e-12  1.26155e-13  3.65148e-10  2.25413e-14  2.91862e-11  6.58942e-17  
2.06921e-08  2.77246e-13  1.23516e-20  1.94365e-20  9.43354e-21  2.57141e-09  2.19124e-20  9.18594e-21  1.86542e-12  3.71545e-14  1.20254e-13  5.99506e-15  4.91645e-13  4.35423e-17  3.28511e-13  4.07997e-17  
3.24423e-09  1.70656e-13  1.65415e-21  2.70917e-20  3.75805e-23  6.07129e-10  1.37493e-21  4.33056e-21  2.63826e-13  1.31305e-14  2.2119e-14  2.67858e-16  2.70585e-15  5.26945e-18  1.40418e-15  4.84793e-18  
1.43234e-09  1.27874e-13  1.5478e-22  2.46094e-20  3.94557e-20  7.68176e-10  4.66859e-25  8.33714e-21  1.89549e-14  7.89583e-16  6.68572e-16  5.11089e-18  1.0148e-13  1.03047e-18  2.50405e-15  4.54996e-20  
3.42072e-09  5.67802e-13  1.39152e-23  1.01466e-18  3.43341e-20  8.89639e-09  3.51523e-26  9.23971e-22  7.06467e-15  9.32057e-14  2.75204e-16  7.73984e-19  9.19093e-13  1.4979e-21  2.48738e-14  2.01574e-18  
6.2777e-10  3.0779e-08  8.80948e-17  4.64145e-13  1.09892e-16  9.71029e-10  1.66851e-23  3.90034e-14  5.82157e-13  5.27674e-15  4.78662e-15  3.17914e-14  1.0958e-13  5.17554e-15  2.19596e-11  1.29384e-20  
4.59197e-10  1.00806e-11  4.4238e-23  3.16617e-17  4.74926e-15  1.08269e-08  9.40361e-31  3.53894e-19  6.91344e-16  9.40902e-17  1.88482e-16  8.0824e-20  2.90046e-09  9.36927e-21  1.81174e-13  4.17605e-22  
1.84223e-10  5.54225e-13  4.22772e-24  1.66923e-18  7.54193e-14  6.83916e-09  5.44274e-31  9.4813e-20  2.82102e-16  4.8846e-17  5.29178e-17  2.37572e-20  1.31533e-08  3.23324e-21  2.42713e-13  3.81602e-22  
7.30088e-10  3.74173e-12  5.10536e-23  2.35917e-17  1.20193e-13  6.29014e-08  1.82548e-29  2.49311e-19  1.25834e-15  1.78261e-16  7.38287e-16  1.678e-18  5.3331e-10  4.84295e-19  1.53759e-12  1.18209e-21  
2.37788e-10  4.10747e-14  9.23132e-24  4.27291e-20  8.3063e-16  3.48209e-09  1.68893e-30  9.50755e-21  9.71411e-16  1.84468e-18  2.66346e-16  1.42075e-19  6.30187e-09  4.02555e-20  5.76768e-13  3.08695e-22  
2.84273e-09  5.28557e-12  2.30838e-18  2.38975e-19  5.38055e-11  1.79088e-08  3.64045e-22  7.25813e-17  2.14173e-12  7.94824e-17  2.93189e-12  8.73005e-15  6.28443e-09  3.12534e-12  4.85638e-11  1.56314e-19  
1.84411e-08  1.21109e-11  1.88687e-16  3.10951e-19  3.06073e-09  2.9409e-08  2.53433e-19  2.8024e-15  4.29642e-11  1.69819e-16  5.67242e-10  1.94427e-12  2.45692e-07  4.63287e-10  9.26213e-10  4.77764e-19  
1.06625e-09  9.61185e-12  2.00069e-15  1.48711e-18  2.21824e-08  2.33803e-09  7.95135e-20  1.13066e-13  2.68588e-11  9.42584e-19  3.10849e-10  2.75919e-12  1.12166e-07  1.34895e-08  2.65652e-10  3.03647e-21  
1.24986e-10  1.02385e-12  2.65201e-13  1.64379e-17  1.77085e-10  5.45106e-11  7.27467e-16  1.14241e-11  5.11943e-10  2.61716e-18  1.12431e-09  5.21799e-10  5.92404e-10  3.50163e-07  1.04787e-10  2.41985e-20  
9.71005e-12  1.13805e-13  3.0814e-13  8.9212e-17  6.21269e-14  3.75488e-12  1.94879e-16  2.28832e-11  1.42309e-10  2.70703e-20  1.1324e-09  8.60609e-10  1.0818e-12  3.12596e-07  7.942e-13  4.05679e-22  
8.55046e-12  1.17045e-14  5.15347e-13  1.03519e-17  6.73723e-14  9.30572e-13  2.0349e-15  2.73865e-12  2.51353e-10  6.80023e-21  2.73545e-09  1.26178e-09  1.17329e-12  1.53834e-07  9.5712e-14  2.67709e-21  
2.75151e-12  2.2103e-13  1.48162e-12  2.53105e-17  1.61992e-12  1.1597e-12  5.52114e-16  2.59057e-10  2.1273e-10  4.6887e-21  3.06753e-09  1.92995e-09  9.56245e-10  7.42017e-07  1.4902e-13  1.70504e-22  
3.81101e-13  2.26822e-13  1.57088e-12  9.09338e-17  3.48942e-14  4.97185e-14  1.15896e-17  5.71315e-10  3.03633e-11  1.07025e-22  2.62181e-11  6.84293e-11  2.12038e-12  4.09427e-07  1.40149e-15  1.30627e-25  
4.84699e-15  7.36462e-15  1.48928e-11  6.3111e-16  9.58071e-15  7.1964e-16  3.43932e-18  2.78935e-09  9.93711e-12  2.15538e-25  7.23723e-12  4.27525e-11  5.71325e-15  3.18112e-07  1.56574e-16  7.44599e-28  
2.20432e-15  8.37022e-14  1.01156e-11  4.29734e-15  5.95476e-14  2.09196e-15  1.74005e-19  1.40872e-08  3.39607e-12  3.45439e-25  1.69005e-12  7.77653e-12  4.32814e-15  1.65585e-07  6.21974e-17  1.14479e-28  
1.28474e-14  9.68877e-14  9.3457e-11  2.68177e-15  7.18403e-13  1.23668e-15  6.27109e-19  1.97845e-08  9.85539e-12  3.00132e-25  2.58812e-12  2.69207e-11  1.59357e-14  1.625e-07  1.22355e-15  8.32335e-28  
3.77833e-16  9.10138e-14  4.99009e-11  2.70239e-14  1.92132e-15  2.69527e-17  2.19092e-20  7.00331e-08  9.56392e-13  2.01017e-26  1.02343e-14  4.49569e-13  2.04416e-18  7.86826e-09  7.5372e-19  1.42865e-29  
3.50926e-15  2.2519e-14  1.2491e-11  1.84277e-15  4.67553e-16  1.29844e-16  2.31929e-20  1.06852e-08  4.43501e-12  1.58539e-26  4.44544e-14  2.12731e-12  1.19227e-16  2.58962e-08  1.55798e-17  2.00344e-28  
8.63018e-16  4.97049e-16  7.63555e-11  5.29392e-16  1.65402e-18  6.8769e-19  1.4588e-19  1.75264e-09  7.00454e-12  1.37733e-27  5.04564e-15  6.7189e-13  8.61917e-20  3.0633e-10  1.12743e-18  1.02555e-27  
