-1.587569 -2.262161 -4.456694 0.101635 -3.287177 -3.023183 -1.125499 0.225265 -0.169186 0.820859 1.060078 0.627898 1.562005 
-2.529615 -2.184744 -3.455784 -0.617839 -3.729853 -3.377962 -1.731822 -0.034757 -0.323677 0.416909 0.347175 0.699663 1.808593 
-2.524494 -1.402008 -2.745808 -0.515602 -2.950495 -2.716560 -1.584313 -0.087006 0.059515 0.468946 0.383452 0.825642 2.317639 
-3.619799 -1.990583 -3.067279 -0.988655 -3.524434 -2.685836 -1.927885 -0.253839 -0.809527 0.255084 0.166861 0.546833 2.021119 
-3.508628 -1.087756 -2.677959 -0.856594 -2.918046 -2.030146 -1.456413 -0.064796 -0.645357 0.206756 0.441967 0.832647 2.202179 
-3.653679 -0.897592 -2.743682 -1.617243 -2.838657 -2.035134 -1.467026 -0.294914 -1.290666 -0.323975 0.325052 0.687051 1.776783 
-4.134211 -0.965191 -2.477985 -1.612005 -3.145219 -1.770810 -1.672750 -0.233971 -1.091282 -0.092504 0.529849 0.822146 2.007778 
-4.665805 -1.047252 -2.503090 -1.516864 -3.372915 -1.914882 -1.577280 -0.419224 -1.018593 -0.048472 0.642599 0.630388 2.244652 
-4.698426 -1.248723 -2.325487 -1.846103 -3.369068 -1.997683 -1.774358 -0.320857 -1.002805 -0.023426 0.413289 0.801611 2.144343 
-4.411245 -0.763504 -1.765675 -1.625791 -3.037198 -1.545108 -1.434726 -0.152812 -0.955340 -0.036171 0.472684 0.729978 2.069119 
-5.120113 -0.949628 -2.227316 -1.919150 -3.527095 -1.495434 -1.860457 -0.357747 -1.211893 -0.175825 0.417032 0.674413 1.941578 
-4.577120 -0.731087 -1.684359 -1.676194 -3.083911 -1.385924 -1.385152 -0.064128 -1.009486 0.111280 0.457728 0.887680 2.185059 
-5.058211 -0.989326 -1.949517 -2.049152 -3.409329 -1.530334 -1.536934 -0.515566 -1.169484 -0.127586 0.422574 0.604705 2.103932 
-4.537941 -0.955799 -1.758441 -1.907543 -3.173862 -1.449910 -1.355817 -0.393433 -1.164721 0.014022 0.388658 0.696879 2.112627 
-4.885970 -1.002263 -2.154650 -2.183774 -3.359176 -1.565824 -1.576739 -0.344139 -1.523494 -0.032483 0.312997 0.617393 2.100715 
-4.542749 -1.079669 -2.187803 -2.289903 -3.249025 -1.911396 -1.394547 -0.516891 -1.466653 -0.062964 0.289484 0.649772 2.018663 
-4.192805 -0.931440 -2.362824 -1.804460 -3.338200 -1.803730 -1.484057 -0.333931 -1.385607 0.050095 0.372350 0.624770 2.080494 
-3.240915 -0.895179 -2.487363 -1.480590 -3.001426 -2.008778 -1.236267 -0.398788 -1.202778 -0.223084 0.438858 0.514449 2.044681 
-2.973065 -1.482697 -2.672488 -1.650116 -3.275884 -2.139990 -1.124451 -0.394646 -1.145024 -0.104945 0.782386 0.517541 2.245885 
-1.089804 -1.719393 -3.137464 -1.007657 -3.448843 -1.982629 -1.112150 -0.724519 -1.113780 -0.237835 0.571766 0.636981 1.741496 
-0.676099 -2.084069 -3.113883 -1.118413 -3.724916 -1.896104 -1.294521 -0.753328 -1.093925 -0.334825 0.496560 0.427560 1.573019 
-0.369676 -1.891454 -2.976233 -1.729088 -3.084694 -2.727694 -1.310807 -0.762360 -0.602838 -0.218530 0.368350 1.002676 1.783360 
-0.822584 -1.908214 -3.087167 -1.543864 -3.433122 -2.671794 -1.266600 -1.016004 -0.660044 -0.525218 0.480238 0.765735 1.516901 
-1.056793 -2.113294 -2.873597 -1.871326 -3.541481 -2.662421 -1.184436 -1.097319 -0.891256 -0.424914 0.492149 0.746598 1.645597 
-1.539273 -1.826890 -2.544129 -1.671086 -3.725749 -2.201978 -1.406661 -0.840472 -0.506631 -0.136082 0.702063 0.821349 2.049245 
-0.969786 -1.977643 -2.632322 -1.528668 -3.856250 -2.300745 -1.485051 -0.859815 -0.855912 -0.002660 0.562825 0.671971 1.847434 
-1.371254 -1.865129 -2.359306 -1.595187 -3.761302 -2.254820 -1.735607 -0.717984 -0.348541 -0.086940 0.805875 0.782157 1.983546 
-1.434315 -1.632809 -2.939103 -1.556051 -3.678204 -2.516602 -1.785505 -0.562724 -0.554302 0.208356 0.574058 0.780634 2.099041 
-1.105912 -1.355155 -2.768309 -0.709155 -3.478014 -3.422339 -1.646261 -0.561779 0.192742 0.729262 0.922806 0.919145 1.889653 
-1.740432 -1.980140 -3.163440 -0.936553 -3.986120 -3.644723 -1.671173 -0.389314 -0.170669 0.718319 0.710210 0.947738 1.844970 
-2.574394 -1.302968 -3.186079 -0.353014 -4.103461 -3.156021 -1.777369 -0.025472 -0.000747 1.035246 1.249488 1.025795 1.873107 
-2.587301 -1.546124 -2.798368 -0.272054 -4.084192 -3.457503 -1.582564 0.028056 -0.046555 1.253411 1.522585 1.178585 1.998533 
-3.363361 -1.256801 -2.738289 -0.608054 -3.829997 -3.208392 -1.769293 0.196459 0.127176 0.951929 1.499505 1.195927 1.757886 
-3.353700 -1.203058 -2.985231 -0.354433 -4.075136 -3.412785 -1.545368 -0.123584 -0.256347 1.104243 1.266079 0.839484 1.869627 
-3.386923 -1.025660 -2.245721 -0.706152 -3.948428 -3.497597 -1.528154 -0.278982 -0.062712 0.920311 1.271808 1.081815 1.496320 
-4.220948 -1.094423 -2.120162 -0.936159 -3.861840 -3.137953 -1.672058 -0.001580 -0.199679 1.081956 1.321715 1.057811 1.618216 
-4.106094 -1.505579 -2.033852 -1.384547 -3.610985 -3.140369 -1.839935 0.162497 -0.377687 0.931993 1.227643 0.838334 1.571363 
-4.505053 -1.321412 -1.596910 -1.130500 -3.418294 -2.828237 -1.630813 0.018203 -0.046870 1.019660 1.402745 1.065553 1.337361 
-4.478761 -1.516957 -1.524230 -1.252740 -3.322086 -3.072232 -1.844499 0.013730 0.098917 1.000017 1.585324 1.243634 1.254006 
-4.809157 -1.595497 -1.494038 -1.414966 -3.451273 -2.930609 -1.784343 0.200757 0.089009 1.306971 1.784120 1.484538 1.423603 
-4.976968 -1.659947 -0.956532 -1.864826 -3.144203 -3.152463 -1.217209 -0.043048 -0.126221 1.502384 1.377531 1.557575 1.315073 
-5.939128 -1.669677 -1.465638 -2.174905 -3.754830 -3.068317 -1.318621 -0.278425 0.139392 1.331386 1.477090 1.948491 1.308523 
-5.634053 -0.924849 -1.148222 -1.711773 -3.500618 -2.383640 -1.396241 0.662983 -0.029754 1.358752 1.646936 1.818807 1.225958 
-5.468142 -1.072664 -1.090469 -2.259196 -3.386964 -2.492384 -0.996332 0.852180 0.379094 0.874852 2.015508 1.876205 1.339086 
-5.261683 -2.667136 -2.627806 -2.813262 -4.183525 -2.802317 -1.073699 1.012305 0.238504 0.891990 1.811120 2.268782 1.032084 
-2.552105 -1.204585 -2.620964 -1.966511 -3.004832 -2.481951 -0.013412 1.250170 0.530237 1.280059 1.424177 2.264892 0.037895 
-2.461057 -1.586948 -3.269742 -0.881011 -3.806815 -2.309917 -1.446187 0.642336 0.097810 1.149325 1.177655 1.235185 1.417049 
-2.723791 -1.436639 -2.789790 -0.560443 -3.570199 -2.983610 -1.722048 0.353278 -0.213135 1.233366 1.487078 1.067870 1.592547 
-3.288616 -1.043267 -2.795778 -0.632762 -3.909591 -2.884762 -2.241150 0.652068 -0.298089 1.035799 1.300019 1.114292 1.575856 
-3.406062 -0.779850 -2.281644 -1.011774 -3.518895 -2.774492 -2.141191 0.554256 -0.259528 0.725043 1.087219 0.849228 1.660025 
-3.768577 -1.390565 -2.147592 -1.510752 -3.483976 -3.238450 -2.191186 0.181999 -0.449088 0.447729 0.864530 0.725103 1.741059 
-3.921498 -0.754691 -2.202548 -0.814424 -3.820889 -2.555462 -1.750594 0.082428 -0.083917 0.282669 0.593913 0.619638 2.039484 
-3.789791 -1.061198 -2.312557 -0.991582 -3.654926 -2.431185 -2.059320 -0.031175 0.037993 0.240305 0.836312 0.745809 2.167706 
-4.336018 -1.125468 -2.388047 -1.604264 -3.794905 -2.634806 -2.042254 -0.514163 -0.432629 0.131232 0.360147 0.539013 1.985993 
-3.699137 -0.883370 -1.685637 -1.798032 -3.288825 -1.949871 -1.813792 -0.177583 -0.485568 0.126121 0.506610 0.618822 2.042081 
-3.755743 -1.268891 -1.871042 -2.166861 -3.418742 -1.719765 -2.004633 -0.531350 -0.581714 -0.273015 0.635260 0.751980 1.810307 
-3.470886 -1.472279 -2.183620 -2.286477 -3.643497 -1.779354 -1.904627 -0.775526 -1.019482 -0.594073 0.612633 0.602517 1.621742 
-2.701672 -1.410298 -2.570856 -1.918739 -3.213117 -2.122565 -1.261266 -0.850791 -1.132188 -0.520652 0.567447 0.816879 1.559703 
-2.011389 -0.976705 -2.728671 -1.650297 -2.903545 -1.774368 -1.466925 -0.298750 -1.264387 -0.754076 0.573360 0.954978 1.555779 
