9.42116e-11  1.81719e-12  9.24693e-15  1.60837e-13  2.25021e-10  1.61432e-28  8.86523e-26  9.91999e-14  3.5989e-12  5.92569e-16  4.28146e-25  5.50284e-16  2.06811e-10  6.80418e-22  6.37891e-16  1.5077e-13  
2.49391e-10  1.17663e-09  5.5848e-13  3.13733e-16  5.48574e-12  1.36058e-26  2.92703e-31  3.15981e-12  1.58658e-09  1.28727e-21  1.31507e-32  9.05168e-15  4.86498e-09  2.18063e-25  5.8796e-15  4.36371e-14  
4.07382e-10  1.0704e-08  3.20632e-12  4.5915e-17  2.95392e-11  2.72898e-29  9.0351e-30  7.70673e-12  3.07802e-08  4.17336e-21  1.40818e-31  3.87835e-16  5.35652e-09  7.56085e-25  1.28165e-15  2.2732e-14  
5.91635e-10  1.91244e-08  3.16143e-11  1.26894e-17  7.89546e-13  3.13826e-25  2.47811e-31  2.8395e-11  1.93608e-09  3.22658e-23  6.63312e-35  1.84252e-13  8.89416e-10  8.47059e-27  5.16136e-14  8.01394e-14  
2.87393e-09  1.10612e-07  1.76501e-10  2.75927e-16  2.58219e-11  1.24888e-26  6.33551e-28  2.02496e-12  6.91532e-09  5.99105e-21  1.65475e-32  2.40506e-14  3.89163e-10  1.29992e-25  2.26956e-14  1.5739e-13  
4.55209e-09  1.54798e-07  1.13014e-08  1.41907e-16  7.5332e-13  3.38605e-21  1.97804e-29  1.97968e-13  1.50757e-10  1.12522e-22  2.55934e-36  2.77694e-11  6.24133e-11  1.96621e-27  1.24597e-12  1.7508e-12  
4.49963e-09  4.10805e-07  6.86839e-10  6.45102e-16  6.66531e-12  1.13767e-24  4.85736e-27  5.81165e-13  7.96022e-11  5.6484e-22  2.58065e-34  4.83041e-13  4.27011e-11  5.28904e-27  9.25239e-14  2.68626e-13  
8.24787e-10  1.96147e-07  1.175e-10  3.27097e-17  3.35226e-12  8.63303e-27  2.8061e-28  1.11904e-13  6.70234e-11  4.41936e-23  4.71506e-35  4.27663e-14  5.89103e-12  8.59217e-28  4.82581e-15  4.1045e-14  
1.57355e-09  5.44296e-07  2.43399e-10  5.60005e-17  3.24395e-12  6.28275e-26  1.36682e-28  6.14248e-13  4.6865e-11  1.79829e-23  1.56564e-35  1.09939e-13  2.71936e-11  1.04383e-27  1.43264e-14  4.80256e-14  
8.39728e-10  7.05773e-07  5.53403e-10  8.12766e-17  7.11861e-12  1.1736e-24  1.58495e-27  6.4735e-14  7.54248e-11  3.06822e-22  2.60231e-34  2.21673e-13  5.14951e-12  1.29637e-26  1.61881e-14  4.60389e-13  
6.21066e-10  3.10554e-07  3.32121e-10  3.27793e-17  7.31089e-13  5.72793e-24  6.54553e-28  2.45349e-14  1.25507e-12  7.21676e-24  5.23208e-36  7.13915e-13  5.59951e-13  6.61736e-28  9.73835e-15  1.98291e-13  
5.52449e-10  4.82302e-07  1.68875e-10  5.43696e-17  8.39043e-12  2.19419e-26  8.13743e-28  1.1976e-14  1.26504e-11  1.1135e-22  1.14994e-34  2.06183e-14  2.45107e-12  5.77173e-27  5.1152e-15  1.29471e-13  
4.5193e-10  3.25484e-07  5.25462e-10  8.75353e-18  8.05125e-13  1.02959e-24  1.06758e-28  2.19803e-14  2.80267e-12  5.67827e-24  2.12945e-36  3.70225e-13  5.48607e-13  4.0579e-28  7.70585e-15  1.26281e-13  
8.11793e-10  4.02744e-07  8.13231e-10  2.52797e-17  2.19172e-12  9.71293e-25  1.7779e-28  6.32932e-14  1.43848e-11  4.58166e-23  1.36632e-35  3.39616e-13  2.75512e-12  1.77734e-27  3.02758e-14  2.57717e-13  
2.77014e-10  1.28902e-07  3.73251e-10  2.0199e-18  2.04787e-13  1.31796e-24  2.05195e-30  8.23645e-15  1.35853e-13  4.02314e-25  4.44191e-38  2.9963e-13  5.31904e-13  4.74136e-29  2.50654e-14  8.60913e-14  
8.16364e-10  2.0783e-07  1.5278e-09  7.83669e-18  4.06907e-13  9.79067e-24  1.22118e-30  3.23058e-14  1.3093e-12  1.67277e-24  6.06057e-38  1.63578e-12  4.24512e-12  7.93574e-29  8.90316e-14  1.38858e-13  
6.99121e-10  1.43375e-07  4.11719e-10  1.35921e-17  9.12343e-13  1.13555e-24  9.85339e-30  5.99082e-14  6.55557e-12  1.18232e-23  1.31733e-36  4.0223e-13  8.99696e-12  3.63451e-28  7.34832e-14  1.58177e-13  
1.45858e-09  6.79287e-08  2.6798e-09  1.97731e-17  7.86327e-13  3.50824e-23  4.46215e-30  3.85894e-13  2.10422e-10  1.0102e-22  2.25505e-36  2.48585e-12  5.23437e-11  1.07176e-27  6.75943e-13  6.65142e-13  
1.31843e-09  2.04249e-08  1.25674e-10  7.948e-17  3.00733e-12  1.81094e-26  1.14316e-28  6.6072e-12  3.39666e-11  9.9532e-22  7.76651e-35  5.93473e-14  1.49975e-10  1.33727e-27  5.84046e-13  8.32584e-14  
1.86632e-08  3.60344e-10  1.60992e-09  6.98282e-15  1.72001e-12  2.32404e-22  2.94455e-27  2.89545e-10  2.71132e-10  1.5425e-19  1.63551e-33  1.30061e-11  1.15001e-09  1.7921e-26  3.97045e-11  2.06029e-12  
5.06085e-09  5.84209e-11  7.16123e-10  2.29831e-15  3.61308e-13  8.14476e-21  7.83174e-27  1.60764e-09  2.24027e-11  1.83531e-19  2.31688e-33  4.48235e-11  6.99224e-10  3.90973e-26  1.35196e-10  5.25395e-12  
7.43484e-08  1.12134e-09  2.50529e-09  2.16011e-14  5.26378e-12  3.8617e-23  3.00226e-28  7.57572e-10  3.88742e-10  3.31974e-20  4.80683e-34  6.9935e-12  2.56172e-07  2.40741e-26  2.78848e-11  3.63664e-13  
1.78259e-08  4.94092e-10  2.83489e-09  1.46427e-14  1.21737e-12  4.54083e-21  6.78863e-28  2.65677e-10  8.7059e-10  6.50727e-20  3.34641e-34  6.562e-11  1.31644e-08  2.06408e-26  1.88281e-11  1.46044e-12  
1.49777e-08  6.72341e-10  1.87689e-09  7.11612e-15  8.38358e-13  5.03614e-22  1.33753e-28  3.35446e-10  1.64608e-10  1.36262e-20  3.07306e-35  2.92758e-11  9.41181e-09  2.49007e-27  2.68555e-11  5.56587e-13  
1.68842e-08  7.67492e-09  8.99371e-11  1.48751e-14  1.73587e-11  2.30612e-26  1.96637e-25  3.32878e-09  7.10676e-10  2.51699e-19  3.40183e-32  1.24477e-13  1.05868e-08  4.0773e-26  2.0303e-12  1.15521e-13  
9.90472e-09  1.24011e-09  9.93732e-11  9.08107e-15  4.72618e-12  1.79636e-24  1.57683e-26  3.06101e-09  1.18453e-10  9.15121e-20  5.71697e-33  1.60906e-12  1.2153e-08  1.63039e-26  1.15807e-11  3.41108e-13  
1.04545e-08  9.47521e-09  1.66366e-11  3.57706e-14  3.24508e-11  1.34933e-26  3.21752e-24  1.46003e-08  3.9094e-10  6.63418e-19  6.83704e-31  8.184e-14  1.6851e-08  1.55124e-25  1.2279e-12  1.41489e-13  
6.67421e-09  6.74073e-09  1.6759e-11  3.37897e-15  1.67553e-11  3.11465e-27  6.70681e-27  5.45032e-10  1.96834e-10  2.57421e-20  2.51294e-32  4.45752e-14  5.08314e-08  3.61197e-26  7.02455e-13  4.84351e-14  
3.7874e-10  9.46104e-10  2.50621e-14  4.9735e-14  3.03574e-10  1.764e-30  3.14772e-27  4.63253e-13  3.12834e-10  3.61486e-19  4.31643e-29  5.07089e-16  3.43568e-08  1.82767e-24  2.30056e-16  1.07679e-14  
2.541e-10  7.27186e-10  1.50409e-14  1.3371e-14  5.14298e-11  3.14954e-30  1.71498e-29  2.93472e-13  8.61041e-11  1.06166e-20  2.34409e-31  4.68151e-16  2.49801e-08  1.28833e-25  8.98244e-16  4.02617e-15  
2.56961e-11  4.05104e-10  3.77471e-17  1.5152e-13  8.41742e-10  1.48925e-34  4.31688e-25  5.09368e-15  8.84149e-13  2.59623e-18  3.42422e-27  1.5384e-18  2.19979e-10  5.27724e-24  3.38414e-18  1.29664e-15  
3.42574e-12  7.84729e-11  3.68489e-19  1.08737e-13  6.9026e-10  1.63777e-38  1.61837e-26  2.24329e-16  1.68289e-14  4.44835e-19  4.2448e-28  1.78264e-20  6.58718e-11  5.70867e-25  2.15154e-19  7.22577e-17  
1.82485e-11  3.07481e-09  8.86681e-18  1.24113e-12  4.80468e-09  4.93425e-35  2.38618e-23  1.91609e-15  2.59565e-13  9.15381e-18  5.08461e-26  4.8476e-19  1.18237e-10  2.78039e-23  3.80556e-19  1.19418e-15  
7.363e-12  9.29486e-10  5.155e-17  2.17636e-14  3.97437e-10  3.76432e-34  2.82304e-27  6.87891e-17  1.07528e-12  1.22848e-19  8.61163e-29  4.74193e-18  3.1487e-11  6.41818e-25  6.79826e-19  1.14881e-15  
2.33352e-11  1.27628e-08  2.70422e-16  8.13921e-13  2.89807e-09  1.31841e-31  2.84967e-25  1.85807e-16  1.05495e-11  1.22269e-18  9.42337e-28  9.0836e-17  1.30124e-10  5.76055e-24  1.21125e-18  7.18111e-15  
1.29183e-11  4.41702e-08  1.67981e-16  6.8144e-13  5.47001e-09  1.21721e-32  1.51594e-23  2.04788e-16  8.43243e-13  2.73063e-18  1.06088e-26  3.16609e-17  3.72595e-11  1.62039e-23  4.9549e-19  5.36196e-15  
1.9645e-11  1.4081e-07  1.85397e-15  3.22541e-13  2.99136e-09  5.54743e-30  1.38853e-23  1.00935e-14  1.02848e-12  1.84854e-18  7.14447e-27  6.5736e-16  2.46564e-10  2.18679e-23  1.42481e-17  2.99137e-14  
2.14096e-11  1.69308e-07  8.63399e-16  1.03183e-11  3.53054e-08  2.97246e-30  3.72822e-20  4.19951e-15  2.71594e-12  3.79468e-16  1.29202e-23  4.90262e-16  3.98592e-11  1.76591e-21  1.16646e-18  7.28128e-14  
1.24023e-11  8.38548e-08  5.29152e-17  3.32529e-11  3.84386e-08  1.10387e-31  6.58523e-20  3.36673e-15  2.23942e-13  2.11221e-16  1.93704e-23  7.93989e-17  5.38698e-11  1.19097e-21  3.10197e-19  1.85138e-14  
2.00701e-12  1.65105e-08  4.19886e-19  4.83578e-11  5.00474e-08  2.93479e-36  3.90483e-19  1.29384e-16  1.82003e-16  2.97286e-16  3.94679e-23  3.29394e-19  7.71989e-12  8.25219e-22  1.35888e-20  8.35879e-16  
1.13773e-12  3.76997e-08  3.75083e-17  1.33779e-11  4.18683e-08  6.16156e-34  6.61069e-22  2.30551e-18  4.62045e-16  4.69981e-17  5.49442e-25  1.09538e-17  7.71603e-12  2.78756e-22  4.43833e-20  1.88343e-15  
1.20539e-12  9.99181e-09  1.43609e-18  4.75279e-11  6.28572e-08  9.52152e-37  4.83759e-20  2.02e-19  5.65435e-19  1.5823e-17  3.93222e-25  1.28068e-19  4.38022e-13  1.22532e-22  8.75716e-22  5.76668e-17  
5.31781e-14  4.39116e-09  1.28764e-19  2.04651e-11  1.13129e-07  2.78538e-36  3.5579e-18  1.12409e-20  3.30684e-20  3.93108e-16  2.81799e-23  1.6933e-20  3.11037e-14  2.95665e-21  2.97511e-22  6.53276e-16  
3.80581e-14  1.4176e-09  4.79545e-21  1.35893e-11  1.15305e-07  5.2793e-38  3.43737e-18  3.56962e-20  5.65008e-22  3.47804e-16  1.71062e-23  1.65903e-22  8.59198e-15  3.69282e-21  6.36647e-23  1.86456e-16  
1.07147e-14  3.37026e-12  9.02319e-23  9.15831e-11  3.44534e-08  4.0457e-39  3.13493e-17  9.5927e-20  9.70224e-27  2.67342e-15  3.74793e-23  2.99535e-24  2.76425e-14  7.90107e-21  9.8969e-22  8.56617e-18  
4.77189e-19  2.50667e-15  1.88265e-22  2.86657e-13  5.21122e-08  5.41331e-33  3.96473e-19  1.85148e-25  2.51946e-26  1.7475e-12  1.8503e-19  2.78429e-23  8.74308e-14  5.46857e-16  1.04879e-21  4.70313e-15  
2.16961e-11  4.42672e-10  1.32189e-16  2.72514e-11  2.93448e-08  1.58865e-31  1.7698e-18  3.89051e-14  3.27883e-14  3.14941e-13  2.90877e-21  4.56072e-18  7.27088e-10  1.86104e-19  3.81805e-17  7.11573e-14  
1.47882e-11  1.04606e-09  2.25504e-17  5.62666e-12  7.5025e-09  1.44359e-33  7.05182e-22  5.13708e-15  5.00406e-14  5.93419e-16  3.24719e-24  6.68537e-18  4.38006e-10  3.49061e-22  6.86106e-18  8.76193e-15  
2.34601e-12  1.55343e-09  9.58079e-18  3.37047e-13  1.54009e-09  5.48256e-33  2.26866e-23  3.87073e-16  4.10257e-15  3.06408e-18  1.8619e-26  2.02645e-18  4.89146e-11  2.05182e-23  1.37928e-18  5.06012e-15  
1.02279e-11  5.26845e-08  2.42778e-15  4.13555e-14  1.21806e-09  2.30375e-29  5.58099e-24  5.57821e-15  7.13313e-13  7.85353e-19  1.83893e-27  1.69516e-16  1.80837e-10  2.26819e-23  1.69497e-17  6.49888e-14  
4.50988e-11  2.99459e-07  8.10166e-14  3.52878e-15  1.20106e-10  1.70814e-27  1.74303e-27  1.22711e-13  1.03659e-11  1.50142e-21  4.09376e-31  5.96696e-15  8.92325e-10  2.11344e-25  2.75648e-16  4.19612e-14  
2.84213e-11  1.10229e-07  2.96728e-13  4.91577e-17  4.38446e-11  4.65566e-28  5.90443e-28  4.93553e-14  6.87497e-10  1.74043e-21  1.37799e-31  5.74007e-16  2.26832e-11  6.05771e-25  3.89643e-17  5.73495e-14  
1.14349e-10  1.41248e-07  1.4575e-13  4.18885e-16  9.42087e-11  7.91634e-30  7.00136e-26  2.22853e-12  4.7887e-10  7.79183e-21  2.82847e-30  1.62206e-16  1.17913e-10  6.56615e-25  7.80609e-17  1.88581e-14  
1.85534e-10  4.00141e-07  1.29541e-11  2.07402e-17  4.16899e-12  1.04459e-25  3.21545e-29  4.32135e-13  4.68163e-10  3.01803e-23  3.62461e-34  1.0073e-13  1.11418e-10  1.53569e-26  9.12145e-16  5.81584e-14  
4.42005e-10  1.14571e-06  5.38938e-11  1.83597e-16  2.93333e-11  2.25355e-25  3.10303e-26  3.50841e-12  1.90652e-10  4.05947e-21  4.22777e-32  9.5431e-14  1.69694e-10  2.54734e-25  1.33955e-14  3.94947e-13  
4.18157e-09  9.86785e-07  3.24429e-10  6.15731e-15  1.56638e-11  1.074e-23  5.10727e-24  7.76646e-11  5.17987e-11  2.02561e-20  5.35104e-32  1.79409e-12  1.31958e-10  1.13724e-25  1.9405e-13  7.63022e-13  
2.17859e-09  8.96281e-08  9.24939e-10  1.45774e-15  6.26858e-13  1.23915e-21  9.81006e-26  3.53239e-11  3.23147e-12  1.75388e-21  8.87003e-35  2.64386e-11  2.42159e-11  2.74744e-27  2.31739e-12  1.20817e-12  
2.04866e-08  4.44351e-08  1.34418e-08  1.59807e-14  2.47401e-12  7.034e-21  9.70914e-27  1.89527e-11  2.72918e-10  2.11003e-20  9.52907e-35  1.17723e-10  4.25633e-10  5.36955e-27  1.28679e-11  2.3768e-12  
1.49523e-08  1.10377e-08  1.16735e-08  7.59753e-15  5.85124e-13  1.23501e-20  5.21386e-27  2.9664e-12  9.14942e-12  5.33546e-21  6.58975e-36  4.61882e-11  1.68899e-10  2.06915e-27  5.79359e-11  3.57833e-12  
