2.44664e-15  1.63641e-15  7.10168e-12  3.32531e-15  1.24185e-33  1.20589e-19  2.07326e-14  3.15793e-15  2.0017e-11  4.34917e-21  5.56552e-18  3.21864e-12  3.53745e-28  2.20862e-16  1.72329e-20  4.09527e-21  
5.53423e-14  2.13218e-16  2.86615e-13  5.17472e-17  8.10425e-27  1.45464e-17  1.49495e-14  1.07957e-14  1.12618e-10  2.35288e-21  6.87472e-15  1.90003e-10  2.16914e-22  5.44742e-13  5.93962e-18  1.86442e-19  
4.66878e-15  2.4356e-17  1.53382e-13  2.83882e-16  3.07483e-26  1.67227e-17  9.09539e-15  1.94025e-13  8.1982e-11  7.59863e-22  6.6278e-14  3.45238e-10  8.25896e-22  6.66908e-12  7.43356e-18  2.87126e-20  
8.2842e-13  1.53874e-16  7.39504e-14  1.42633e-17  4.61932e-21  1.7411e-15  3.55281e-14  4.56089e-14  4.40214e-10  5.23615e-20  1.07537e-12  1.5076e-09  7.10274e-19  1.06862e-10  5.06831e-15  2.53101e-18  
1.31834e-13  3.09501e-16  5.51565e-13  1.28109e-16  8.5803e-21  1.16165e-15  2.87375e-14  3.21788e-12  5.00605e-10  2.3853e-20  2.7054e-12  8.95138e-10  3.06209e-18  8.75549e-10  2.15219e-15  4.43451e-19  
2.89623e-11  1.10045e-14  3.26638e-13  6.28681e-18  4.02288e-18  2.20253e-13  3.79122e-14  3.95381e-13  4.05912e-09  2.48061e-18  5.39741e-11  4.43357e-10  7.51941e-14  3.06883e-09  1.14117e-13  8.14952e-17  
7.79621e-13  6.34824e-16  6.25306e-13  1.32361e-17  6.57839e-18  9.13639e-15  1.37508e-14  2.51906e-12  1.04292e-09  3.79585e-20  2.27252e-11  2.5605e-10  4.92029e-16  4.92131e-09  8.40562e-15  1.01327e-18  
1.04351e-13  2.55725e-17  1.11096e-13  5.07956e-18  1.12722e-18  1.43801e-15  1.79682e-15  1.11026e-12  2.24464e-10  1.6475e-21  3.97635e-12  1.29581e-10  2.51245e-17  2.34691e-09  1.0623e-15  2.31832e-20  
2.27068e-13  6.56834e-17  1.94292e-13  6.83245e-18  1.33169e-17  3.1949e-15  4.12008e-15  1.68985e-12  4.70978e-10  2.51818e-21  2.35994e-11  4.54693e-10  1.83788e-16  7.76441e-09  4.16514e-15  9.09943e-20  
3.91276e-13  1.4036e-15  2.91688e-13  4.06284e-17  9.66796e-17  3.12922e-14  9.65496e-16  8.12942e-12  3.55941e-10  9.90055e-21  4.61836e-11  1.3194e-10  1.41834e-15  1.66595e-08  6.00132e-15  1.36382e-19  
6.56198e-13  4.63778e-16  8.71536e-14  2.64586e-18  6.46253e-16  1.80895e-14  6.27211e-16  5.69648e-13  2.89107e-10  7.82555e-21  1.92306e-11  2.80846e-11  4.83353e-16  8.80123e-09  3.55096e-15  5.61112e-20  
5.99146e-14  2.22275e-16  2.88905e-13  3.62324e-17  2.92992e-17  5.1294e-15  5.10923e-16  8.66139e-12  1.93025e-10  9.11115e-22  3.01408e-11  6.09607e-11  9.4443e-17  1.20595e-08  1.07329e-15  2.48272e-20  
4.60132e-13  1.65921e-16  6.45639e-14  3.43299e-18  1.02818e-16  2.06217e-14  5.13786e-16  6.01546e-13  2.73728e-10  4.3252e-21  4.03226e-11  4.02961e-11  7.37309e-16  7.42782e-09  2.13144e-15  5.97171e-20  
5.8196e-13  4.27853e-16  1.79198e-13  1.3492e-17  3.51057e-17  3.3865e-14  1.61237e-15  1.48267e-12  4.94247e-10  1.13432e-20  1.00563e-10  8.86888e-11  8.54046e-16  8.74579e-09  4.35952e-15  3.92555e-19  
5.86483e-13  7.03531e-17  3.55958e-14  1.2573e-18  2.66902e-17  1.89029e-14  5.64235e-16  1.08419e-13  3.69674e-10  4.19691e-21  3.80378e-11  3.16509e-11  3.50915e-16  4.36978e-09  3.50021e-15  2.24264e-19  
2.34447e-12  2.01622e-16  9.03813e-14  2.0697e-18  8.10465e-18  3.86204e-14  2.09721e-15  1.80519e-13  1.01239e-09  1.44493e-20  9.34622e-11  1.38452e-10  3.37304e-15  4.95554e-09  8.62626e-15  1.52217e-18  
9.74855e-13  1.58031e-16  8.87681e-14  3.91694e-18  9.26115e-19  1.23485e-14  2.08587e-15  1.87187e-13  6.05526e-10  1.45166e-20  1.57438e-11  6.92507e-11  1.49837e-16  1.73812e-09  2.96596e-15  1.24395e-18  
6.23601e-12  9.95544e-16  1.03379e-13  5.37402e-18  8.3423e-21  4.79751e-14  1.49116e-14  1.08127e-13  1.54974e-09  6.57842e-19  1.58111e-11  1.12809e-10  2.23361e-15  3.06024e-10  4.83196e-15  5.30921e-17  
3.55776e-13  2.69442e-17  2.20984e-13  5.47247e-18  3.58033e-24  1.13203e-15  5.24871e-14  5.03695e-14  9.09818e-10  7.2867e-20  3.52612e-12  8.92754e-11  6.81952e-18  1.64674e-11  1.39631e-16  1.29989e-17  
2.93081e-11  5.15288e-15  1.41766e-12  6.03771e-18  1.25958e-30  2.01472e-15  7.26274e-12  1.41767e-16  4.83373e-09  2.88945e-16  5.28794e-13  2.11051e-12  6.01531e-19  7.43519e-15  1.83196e-18  5.58027e-14  
9.8676e-11  1.57631e-14  5.15352e-13  4.00396e-18  2.30676e-32  4.2878e-15  6.39275e-12  5.35433e-18  3.48999e-09  3.72662e-15  2.22586e-13  2.21106e-13  2.46576e-19  2.05121e-16  2.76934e-19  5.32298e-13  
1.06625e-11  1.79544e-15  3.92582e-12  1.13106e-17  2.55887e-34  1.93077e-16  1.84803e-11  8.68524e-17  8.8799e-09  2.8157e-17  9.8474e-13  3.74276e-12  1.305e-18  7.31231e-16  7.58807e-20  8.82785e-14  
5.78748e-11  1.11205e-14  1.6039e-12  3.66699e-18  1.07205e-31  1.87782e-15  5.97798e-12  9.3643e-17  6.34213e-09  2.09111e-16  7.1502e-13  2.4988e-12  1.27924e-17  2.07539e-15  4.0382e-19  6.20806e-14  
3.73683e-11  1.92276e-15  1.43e-12  1.82109e-18  3.41516e-31  1.60128e-15  5.44391e-12  1.03436e-16  6.8026e-09  5.63772e-17  2.31723e-12  4.05485e-12  1.13119e-17  4.65451e-15  5.21321e-19  6.23294e-14  
4.29924e-13  8.90801e-17  1.5095e-12  1.11227e-17  8.6039e-30  7.39813e-17  1.02713e-12  2.48116e-15  1.48661e-09  5.50986e-19  8.82645e-13  6.44467e-12  7.41645e-20  3.73149e-14  9.81791e-20  3.02971e-16  
4.31325e-12  4.32978e-16  1.209e-12  6.6522e-18  7.66156e-32  1.72687e-16  1.40471e-12  9.51804e-17  1.99335e-09  5.84267e-18  3.54925e-13  1.17043e-12  2.53425e-20  2.08661e-15  6.99976e-20  8.64187e-15  
2.2207e-13  1.3412e-16  1.79808e-12  2.06367e-17  7.11499e-30  4.36196e-17  4.36506e-13  2.84567e-15  7.90168e-10  2.58412e-19  3.98206e-13  3.67584e-12  1.86681e-20  2.08039e-14  5.80774e-20  9.47771e-17  
1.92253e-13  3.10106e-17  6.37832e-13  1.3427e-17  1.19433e-30  1.35968e-17  2.33287e-13  9.14405e-16  8.34775e-10  6.27864e-20  9.06742e-14  5.87624e-12  1.57507e-21  1.86931e-14  1.22064e-19  9.46773e-17  
7.51859e-16  2.16934e-17  2.06502e-12  2.15205e-16  6.40295e-34  4.68179e-20  1.53934e-15  4.59948e-15  2.40442e-11  9.39904e-24  3.25158e-16  5.5568e-13  6.4624e-26  1.17555e-15  3.41337e-22  2.82613e-21  
1.53019e-15  7.90371e-18  1.31503e-12  3.96521e-17  5.09485e-32  4.16443e-20  3.53792e-15  2.91874e-15  4.05449e-11  6.21508e-24  5.01e-16  3.60685e-12  1.09451e-25  4.28336e-15  2.47278e-21  9.27279e-21  
5.47526e-18  1.3787e-18  1.83622e-12  3.16024e-16  6.34817e-30  4.52047e-22  3.05311e-17  1.24735e-13  1.6158e-12  1.2053e-26  5.44051e-18  3.83926e-13  1.59121e-29  1.05839e-14  2.81358e-22  2.91414e-25  
8.48078e-20  2.55627e-20  2.06728e-12  2.19075e-16  1.56715e-31  7.42705e-24  5.91185e-18  1.99511e-13  2.83095e-13  2.98243e-29  1.33737e-18  1.12294e-13  7.25771e-32  1.49313e-15  1.79033e-23  2.71292e-27  
9.56548e-19  2.37685e-18  7.98974e-12  1.58931e-15  5.12699e-26  9.19627e-22  6.08302e-18  1.48958e-11  8.32769e-13  8.64414e-28  3.12114e-17  1.6501e-12  6.92162e-28  3.93394e-13  2.62162e-21  2.5356e-27  
9.72369e-18  1.482e-18  9.8986e-13  1.97625e-16  3.12531e-27  2.01971e-21  4.05488e-18  6.05728e-13  1.15178e-12  1.80638e-27  1.26028e-17  1.06289e-12  1.85424e-28  2.09056e-13  5.66537e-21  4.10844e-26  
5.45978e-17  5.84887e-17  9.5329e-12  9.83787e-16  1.69744e-24  3.25916e-20  2.57567e-18  1.64713e-11  2.48975e-12  3.95115e-27  2.83649e-16  2.39139e-12  3.31249e-25  2.41543e-12  2.32709e-20  6.1389e-26  
1.7307e-17  3.59279e-17  1.10279e-11  2.68942e-15  9.95165e-22  5.01172e-20  1.46226e-18  1.39795e-10  1.68002e-12  1.38788e-27  9.49092e-16  5.25012e-12  3.22933e-25  3.54703e-11  2.1516e-19  6.50706e-27  
3.60226e-16  3.05972e-16  1.25798e-11  3.44601e-15  3.73872e-20  3.24073e-18  1.11143e-17  1.61645e-10  8.30182e-12  1.22057e-25  2.33298e-14  5.75324e-11  1.04982e-22  2.29115e-10  2.68181e-17  7.31478e-25  
9.50584e-17  2.46789e-15  9.68177e-11  5.90058e-14  1.79571e-18  2.77429e-18  3.89486e-18  3.82792e-09  3.46065e-12  3.83437e-26  2.90111e-14  3.53856e-11  1.10194e-22  5.00478e-10  1.24212e-17  1.15588e-26  
1.23675e-17  5.1679e-16  1.67919e-10  5.12926e-14  7.54709e-19  3.14013e-19  2.03595e-18  5.37155e-09  1.60831e-12  2.52203e-27  1.28611e-14  2.35826e-11  2.18656e-23  1.22606e-10  3.69178e-18  7.06256e-28  
7.10752e-20  7.00231e-18  1.64884e-10  5.73815e-14  2.4061e-20  1.53439e-21  2.75187e-19  5.45811e-09  2.08146e-13  5.96266e-30  1.15913e-15  1.6688e-12  8.69454e-27  7.9316e-12  3.8854e-20  2.30692e-30  
1.17663e-18  7.97859e-17  3.69039e-10  1.13202e-13  1.8937e-19  2.86372e-20  2.26685e-19  1.31676e-08  7.85177e-13  9.20403e-30  4.69896e-14  7.08213e-12  2.74014e-24  6.27694e-11  5.10346e-19  8.3888e-29  
1.82924e-20  1.05736e-18  2.88275e-10  2.76059e-14  6.58581e-21  7.36689e-23  2.51338e-20  4.49444e-09  1.04328e-13  6.13262e-32  1.45453e-15  1.81449e-13  4.00581e-26  1.0931e-12  2.46509e-22  9.29892e-32  
7.4098e-21  1.54966e-17  1.40022e-10  1.98474e-13  3.21498e-19  4.57167e-22  7.43087e-22  3.26201e-08  1.97664e-14  2.0343e-31  2.05045e-16  2.27516e-14  8.49358e-27  3.62808e-12  9.5196e-22  1.72544e-32  
2.27264e-22  1.43842e-18  8.06861e-11  1.66469e-13  2.07055e-21  5.74201e-23  2.14503e-22  2.49418e-08  5.68929e-15  2.46591e-32  5.1058e-17  1.26523e-14  5.88828e-27  3.83551e-13  9.06106e-24  1.62981e-34  
5.20728e-23  4.96897e-20  1.85569e-10  4.81357e-14  6.57223e-26  1.82121e-25  5.59937e-21  5.11686e-10  5.80324e-15  9.39021e-32  2.22393e-18  2.45121e-15  5.70874e-30  7.12584e-17  3.9966e-26  3.87165e-33  
1.81686e-21  3.50191e-16  2.92267e-11  2.47238e-11  1.84898e-31  3.88803e-23  3.7037e-23  1.20704e-10  2.12246e-15  6.84446e-28  2.03949e-19  1.09729e-17  1.45966e-30  1.24395e-19  3.55423e-26  1.9564e-30  
1.7899e-17  8.63054e-16  5.59798e-11  7.83573e-14  3.67321e-28  1.93712e-20  2.58508e-16  3.81438e-12  4.69526e-12  6.94745e-24  8.5004e-17  5.06e-13  2.11098e-28  2.48036e-14  1.76642e-21  4.79753e-24  
8.9821e-18  3.68522e-17  2.80604e-11  8.75967e-15  8.84259e-27  6.88682e-21  4.97928e-17  1.03274e-11  2.51193e-12  5.63691e-26  8.20348e-17  1.40772e-12  3.0772e-28  1.32254e-13  4.23858e-20  2.71013e-25  
6.59514e-18  1.95182e-17  3.21666e-12  1.10618e-15  1.80818e-24  6.54288e-21  1.45104e-18  8.52541e-12  7.65393e-13  1.14538e-26  2.25223e-17  4.53452e-13  6.61971e-28  7.41279e-13  3.8428e-20  3.67494e-26  
3.51697e-16  4.66149e-16  1.80232e-12  1.71657e-15  1.66752e-21  3.32111e-18  2.90619e-18  3.6792e-11  4.46606e-12  9.51708e-25  2.30178e-15  6.20069e-12  3.22206e-23  6.06625e-11  4.21676e-18  2.82896e-24  
7.63769e-15  2.68257e-16  9.99832e-13  1.63844e-16  7.02821e-20  5.96892e-17  3.785e-17  1.43563e-11  3.25199e-11  5.25203e-24  1.30204e-13  2.08784e-10  6.15409e-20  6.19639e-10  3.18625e-16  1.67069e-22  
2.99529e-15  1.41449e-16  5.03252e-14  1.38313e-16  5.77289e-21  4.61824e-17  7.31871e-18  2.31189e-12  8.39967e-12  1.30107e-23  1.44277e-14  2.23007e-11  8.29655e-21  2.36808e-10  2.81255e-18  4.24402e-23  
7.39712e-16  1.85549e-17  1.44164e-13  1.1405e-16  1.3589e-21  9.89352e-18  8.05118e-17  3.22867e-12  1.33716e-11  1.13519e-23  3.00561e-14  4.42559e-11  1.85675e-21  1.37578e-10  2.59758e-18  4.04942e-23  
1.43288e-13  1.37634e-16  3.80627e-14  1.41052e-17  4.62566e-19  8.50797e-16  1.21693e-16  4.08286e-13  8.71277e-11  3.65831e-22  5.93593e-13  1.2532e-10  2.90203e-18  7.5094e-10  2.11825e-16  5.55919e-21  
1.80687e-13  1.12784e-15  2.28169e-13  1.34558e-16  8.18177e-19  6.92891e-15  3.68361e-16  3.63644e-12  2.00792e-10  4.06953e-21  8.47278e-12  1.05125e-10  4.51054e-17  1.67829e-09  5.90301e-16  1.05102e-19  
1.21536e-12  3.60224e-15  1.00575e-12  2.85131e-17  5.90726e-18  1.88392e-14  1.05921e-14  2.22796e-12  1.00077e-09  1.23006e-19  6.04199e-11  1.14257e-10  8.99693e-16  1.38473e-09  1.68395e-15  2.00529e-18  
1.53442e-11  4.43143e-15  3.3027e-13  1.52118e-18  5.11705e-19  6.65748e-14  2.87839e-14  6.21994e-14  2.14902e-09  2.76836e-18  5.47995e-11  2.49264e-11  5.58528e-15  1.25668e-10  1.95908e-15  9.53468e-17  
6.88524e-11  1.81178e-14  2.88607e-12  4.87986e-18  9.14078e-22  7.95026e-14  7.74e-13  9.26143e-14  1.08257e-08  2.61178e-17  8.75115e-11  1.10116e-10  2.96169e-14  5.07855e-11  2.35796e-15  2.47433e-15  
4.32869e-11  2.52731e-14  1.46622e-12  1.78843e-18  2.09569e-23  3.86973e-14  8.68238e-13  1.71151e-14  1.01226e-08  7.4899e-17  2.21912e-11  8.92562e-12  1.99902e-14  5.87655e-12  6.72202e-16  1.35704e-14  
