0.588778 -3.128134 -2.960511 -4.117173 -2.324248 -0.822443 -3.285174 -0.980755 -0.678623 -0.173759 0.448628 0.031656 0.332342 
1.900083 -1.640847 -2.676484 -4.082700 -2.056843 -1.104660 -2.937774 -0.691061 -1.336607 -1.183291 0.129719 -0.195020 0.036216 
2.164815 -1.564921 -2.051719 -3.234313 -1.510851 -1.989185 -2.673741 -1.356044 -1.499127 -1.496554 -0.185301 0.213008 0.495299 
3.796860 -0.766691 -0.240949 -2.779059 -1.821017 -1.941862 -3.136801 -1.148385 -1.494248 -0.709410 0.359144 0.437821 0.609707 
3.853446 -0.893905 -1.527313 -2.838968 -1.374989 -1.601426 -3.264573 -1.191914 -1.533126 -1.205337 -0.275121 0.401484 0.453509 
-3.144860 -1.393884 -2.651765 -3.153513 -2.039666 -1.620634 -1.487361 -0.961386 -1.219132 0.087661 0.647055 0.378450 1.464823 
-3.707537 -1.358916 -2.596482 -3.132399 -1.555341 -1.168081 -1.364681 -0.775202 -0.652476 -0.877803 0.099509 0.347335 2.107558 
-4.855411 -1.229077 -3.111200 -1.805352 -0.436766 -2.430941 -0.748965 -0.443510 -1.022397 -1.216162 0.287365 0.646092 1.812116 
-6.267761 -1.249361 -2.622829 -1.345407 -0.931641 -2.110876 -0.846826 -0.552098 -1.587398 -0.559846 0.097322 0.321136 1.613044 
-6.810468 -1.661514 -2.097932 -1.702251 -0.695767 -1.858836 -0.914859 -1.032798 -1.288180 -0.855066 0.112996 0.446676 1.398952 
-6.492632 -0.878407 -1.234127 -1.529490 -0.060597 -1.420017 -0.675824 -0.811802 -1.120969 -0.898045 0.198547 0.395570 1.302184 
-6.922354 -1.133076 -1.600855 -1.883214 -0.331843 -1.517303 -0.888481 -1.005716 -1.184067 -0.983730 0.203380 0.285596 1.439063 
-6.658958 -0.619416 -1.387992 -1.841315 -0.027113 -1.265219 -0.649416 -0.865241 -0.934660 -0.853523 0.347663 0.201894 1.346719 
-6.838260 -0.657796 -1.487316 -1.943192 -0.066548 -1.361742 -0.749177 -0.868901 -0.886492 -0.788483 0.338755 0.429065 1.455097 
-7.327879 -0.758100 -1.654514 -2.045664 -0.326561 -1.681074 -0.978580 -1.014320 -1.070436 -1.008095 0.277033 0.320904 1.628775 
-6.686147 -0.191388 -1.260500 -1.591259 -0.070199 -1.336183 -0.687147 -0.702572 -0.850871 -0.740061 0.352766 0.265035 1.573601 
-7.337495 -0.952180 -1.836491 -2.387382 -0.805678 -1.811043 -1.267549 -0.966334 -1.314057 -0.871823 0.083339 0.085591 1.625506 
-6.620090 -0.076220 -0.984493 -1.762263 -0.205809 -1.401916 -0.518036 -0.628798 -0.791105 -0.398005 0.183445 0.319853 1.802867 
-6.696229 -0.062494 -0.984342 -1.878049 -0.389453 -1.511258 -0.532219 -0.726113 -0.897784 -0.268598 0.022326 0.266048 1.755422 
-7.420447 -0.535009 -1.651198 -2.313928 -0.859774 -1.911249 -0.863529 -0.823153 -1.034262 -0.314005 -0.091573 0.388872 1.938871 
-6.770668 -0.023714 -1.156474 -1.772674 -0.465519 -1.537644 -0.491701 -0.498459 -0.819387 -0.077358 -0.035400 0.487300 2.090515 
-7.064051 -0.777569 -1.747926 -2.130234 -0.950881 -2.099121 -0.722565 -0.945344 -1.063574 -0.258508 -0.184114 0.437576 2.011368 
-7.421846 -1.202767 -2.190087 -2.296896 -1.573377 -2.424664 -0.719242 -1.124885 -1.057427 -0.184368 -0.128244 0.645743 2.104919 
-6.558011 -1.315219 -1.833074 -1.707210 -1.401044 -1.906794 -0.295204 -1.149510 -0.554281 0.121583 0.237301 0.896214 1.969159 
-5.696706 -1.703759 -1.800614 -1.616615 -1.829738 -1.898414 -0.120795 -1.028141 -0.570264 -0.180912 0.029191 1.012822 2.045895 
-4.893125 -1.860201 -1.870458 -1.081501 -1.861267 -1.794513 -0.040032 -1.095764 -0.382287 -0.366796 0.059229 1.035277 1.612544 
-4.398988 -1.730992 -3.487902 -0.775878 -1.934307 -1.709406 -0.730707 -0.814973 -1.063363 -0.695455 -0.377946 0.580782 0.765467 
-4.703123 -1.820115 -3.169494 -0.393966 -1.288939 -1.670612 -0.580720 -1.154046 -1.190937 -0.524052 -0.251318 0.331866 1.171085 
-4.735672 -2.065361 -3.454279 -0.548233 -0.892283 -1.547994 -0.710208 -1.786627 -1.340675 -0.595827 -0.255949 -0.283007 1.020369 
-3.930292 -1.620132 -3.388393 -1.090850 -0.401522 -1.083593 -0.771798 -1.685453 -1.407251 -0.178472 -0.383114 -0.668185 0.637399 
-1.364582 -1.252928 -3.674751 -1.523860 -1.302890 -1.091421 0.192831 0.456596 -0.084648 0.958681 -0.374558 -0.216026 -0.467780 
-2.424140 -2.428970 -3.511662 -1.059215 -1.416203 -0.810799 0.280122 -0.415703 0.330780 0.558967 -0.252486 -0.558065 -0.636289 
-2.019546 -2.635511 -2.946280 -1.250743 -1.941529 -0.615331 -0.031206 -1.082566 -0.052567 0.051563 0.308877 -0.228609 -0.184522 
-2.263516 -3.438440 -2.984386 -1.545208 -1.851255 -0.828716 -0.679684 -1.564561 -0.790223 -0.683267 -0.230281 -0.405875 0.009483 
-1.760259 -3.594403 -2.646232 -0.663653 -0.968206 -0.613065 -0.973280 -1.823211 -0.828636 -0.643802 0.092156 -0.295231 0.545195 
-1.775410 -3.314147 -3.343850 -1.110110 -1.232984 -1.248158 -1.520030 -1.782490 -1.071089 -0.957876 0.030402 -0.117166 0.587655 
-1.821307 -2.906058 -3.156417 -1.045424 -1.331075 -1.319326 -1.012586 -1.668364 -1.050497 -0.826181 -0.068823 0.106283 0.908348 
-2.177634 -2.719376 -2.973461 -0.677886 -1.340277 -1.219430 -0.765425 -1.716210 -0.889536 -0.903275 -0.051325 0.510786 1.329983 
-2.933007 -3.189925 -3.061976 -0.978087 -1.761590 -1.605664 -0.714106 -1.762558 -0.821250 -1.007123 -0.330846 0.448289 1.258229 
-4.151195 -3.537778 -2.233258 -0.552302 -1.936144 -1.491007 -0.801711 -1.458606 -0.656360 -1.100288 -0.043196 0.774081 1.635235 
-4.362990 -3.087581 -1.371584 -0.147682 -1.504055 -1.393125 -0.593478 -1.278955 -0.532954 -1.034558 -0.088831 0.794867 1.344157 
-5.166971 -3.279709 -1.664504 -0.512438 -2.113129 -1.703656 -0.521016 -1.680478 -0.532984 -1.134578 -0.008124 0.761217 1.396532 
-5.142167 -2.265156 -1.268399 -0.286876 -2.051354 -1.464065 0.023092 -1.452492 -0.310148 -0.637477 0.061756 0.822800 1.513087 
-5.963316 -2.120449 -1.840443 -0.896849 -2.482991 -1.839263 -0.286725 -1.575925 -0.594742 -0.535405 -0.223444 0.837825 1.532050 
-6.465786 -2.083563 -2.255406 -1.410514 -2.726314 -2.058866 -0.487405 -1.422183 -0.824043 -0.319927 -0.218818 0.943251 1.808628 
-6.540781 -1.839417 -2.350407 -1.638546 -2.650798 -2.141895 -0.287978 -1.254556 -0.688754 -0.340956 0.208253 0.752580 2.100394 
-6.425565 -1.613494 -2.206447 -1.715636 -2.406117 -2.462600 -0.100111 -1.446467 -0.732243 -0.361375 0.163375 0.614864 1.899332 
-5.629308 -1.281826 -2.245589 -1.789478 -2.114925 -2.279910 0.043547 -1.187594 -0.487940 -0.141181 0.403569 0.887149 2.104011 
-4.601633 -0.344097 -1.291893 -2.127007 -0.600900 -0.916944 0.213847 -1.377776 -1.319199 -0.043706 -0.118387 -0.585756 0.670645 
-4.806171 0.747663 -2.543583 -2.066329 -0.866289 -0.809686 0.069216 -1.162647 -1.516496 -0.401447 -0.181451 -0.667531 0.594554 
-5.300150 0.240959 -2.189386 -2.618058 -0.710742 -1.208112 -0.044629 -1.676930 -0.933667 -0.741888 0.042471 -0.879189 0.662301 
-5.016532 -0.120253 -2.414253 -2.690273 -1.073355 -1.213009 -0.231738 -1.530421 -1.605502 -0.758792 -0.222417 -1.049305 0.761662 
-5.409103 0.345380 -2.797848 -2.427941 -0.956474 -1.181834 -0.343777 -1.460360 -1.363425 -0.790485 -0.048038 -0.926020 0.706207 
-5.732503 0.288082 -2.653579 -2.987404 -1.240910 -1.151989 -0.202768 -1.597205 -1.752442 -0.997966 -0.254746 -0.980023 0.568962 
-5.887925 1.063377 -3.177794 -2.984246 -1.621347 -1.151881 0.110692 -1.502769 -1.952943 -1.106547 -0.183460 -0.992161 0.087588 
-5.890746 0.727362 -3.363658 -2.542577 -1.702091 -1.141626 -0.353720 -1.557282 -1.909724 -0.904628 -0.297083 -1.082776 0.336965 
-5.534240 1.048177 -3.536416 -2.689476 -2.047915 -0.993894 -0.301517 -1.591937 -2.187081 -0.869600 -0.520043 -0.871785 0.161950 
-4.466787 1.618320 -3.134187 -2.418797 -2.253889 -0.471731 0.220055 -1.250572 -2.150090 -0.710695 -0.467927 -0.577795 0.011156 
-1.897753 -0.058388 -4.919962 -2.342330 -2.674016 -0.582770 -0.398140 0.265913 -1.238175 0.301501 0.165716 -0.057685 0.553440 
-2.178429 1.289536 -4.503635 -2.019372 -2.674196 -0.530073 0.354438 0.812718 -0.332959 0.570084 -0.217474 -0.787483 -0.301844 
-2.482614 0.662053 -4.005578 -2.613317 -2.230822 -0.356309 -0.098771 1.371488 -0.510385 0.292778 0.068325 -0.873977 -0.216519 
-2.721198 0.448647 -3.865299 -3.482569 -1.953420 0.005100 -0.732472 1.331881 -0.508709 -0.026092 -0.046565 -0.866829 -0.362476 
-2.908373 -0.010917 -3.454241 -3.469997 -2.245218 0.464495 -1.097306 0.869417 -0.448346 -0.545441 0.282996 -0.341582 -0.367341 
-3.614005 -0.549157 -2.318677 -3.091513 -2.489300 0.730505 -1.011443 -0.006915 -0.143670 -0.451959 0.149114 0.601015 0.095072 
-4.839417 -1.491951 -2.359625 -3.579555 -3.362124 0.134515 -1.915776 -1.189420 -0.298276 -0.082413 0.500710 1.482157 1.318025 
-4.125484 -1.104313 -1.396207 -3.055118 -3.716273 0.481171 -1.042353 -1.990106 -0.249282 0.180513 1.145240 1.931008 1.166492 
-3.187516 -1.048192 -1.843878 -2.216938 -4.228242 0.433026 -0.284152 -1.778977 -1.202084 0.834558 2.016901 2.164752 1.148231 
-2.712003 -1.697101 -2.336770 -2.040995 -4.337455 -0.218740 0.414145 -1.802050 -1.803329 1.671009 2.688220 2.178083 0.772853 
-2.687666 -2.347131 -2.582160 -2.351140 -4.407903 -0.374741 0.098860 -2.596556 -0.822542 2.226912 2.064393 1.981936 1.013084 
-2.486210 -2.263178 -2.148335 -2.541189 -4.203902 -0.359658 0.026685 -2.024564 0.000941 2.304722 1.960114 1.537492 1.136832 
-1.995775 -2.251662 -2.804781 -2.547842 -4.526574 -0.471868 -0.067884 -1.272855 0.289315 2.664762 1.776005 0.785414 0.905031 
-2.100071 -1.762751 -2.424037 -2.531834 -4.750592 -0.467456 0.422407 0.134042 0.796218 2.776698 1.462345 0.528624 0.783603 
-1.191264 -1.645626 -2.108160 -3.353030 -5.161985 -0.907188 0.826741 0.772588 1.643249 2.247466 0.801773 0.212891 0.030969 
-0.625798 -1.010145 -3.383928 -3.476841 -5.082855 -0.174276 2.286892 1.164070 1.639122 1.821284 -0.033739 0.151635 0.005244 
0.256144 -2.019630 -3.002716 -3.855727 -5.049388 0.186247 2.118065 1.837324 2.090289 1.785362 0.762653 -0.900499 -1.018857 
