2.92871e-10  1.57538e-12  1.81535e-14  2.41994e-17  2.40584e-38  1.4604e-14  8.98582e-15  1.57461e-22  2.28056e-10  4.01651e-12  2.56408e-14  9.48844e-19  4.49699e-24  2.28425e-23  9.96849e-21  7.72076e-12  
2.47822e-09  4.04509e-13  6.44415e-18  1.65206e-20  2.84994e-46  1.19707e-14  2.89867e-18  9.55477e-28  2.42804e-11  4.96287e-12  8.11031e-17  1.47421e-23  7.05622e-22  2.81736e-28  1.40855e-23  7.87231e-11  
1.63609e-08  8.02556e-14  1.48448e-17  2.23517e-22  4.11887e-46  1.98582e-14  5.27e-16  8.79026e-28  2.61779e-10  8.13436e-13  4.97099e-15  8.87243e-22  2.7593e-18  2.62088e-26  8.28509e-23  6.98316e-10  
1.5054e-10  3.25427e-14  3.36821e-16  1.50775e-21  9.51831e-59  5.60805e-18  4.67259e-19  7.66e-30  2.71771e-12  3.86577e-17  2.52462e-18  1.0883e-26  3.29385e-24  8.75882e-31  1.61896e-30  6.918e-13  
1.5959e-09  3.99714e-14  2.85307e-18  6.35387e-23  2.74353e-59  3.58773e-17  1.00883e-17  2.22572e-32  9.29921e-12  4.44379e-14  3.517e-18  2.54503e-27  7.86746e-24  4.32542e-32  1.5867e-29  7.71893e-11  
2.418e-10  3.16852e-13  8.04241e-12  2.12752e-16  1.2851e-19  1.08402e-12  1.29751e-13  2.4938e-13  2.1147e-08  1.43309e-16  4.12729e-10  2.10314e-10  1.05556e-14  1.17839e-10  8.20372e-13  1.62348e-15  
2.96003e-11  4.81769e-15  7.47742e-15  1.69061e-18  4.87267e-19  1.43192e-12  9.37288e-14  6.54194e-15  9.06149e-09  1.61134e-16  1.14595e-09  1.65981e-10  6.59528e-13  1.41526e-10  3.27604e-13  9.79212e-16  
2.90051e-11  3.00407e-14  2.08208e-14  3.07631e-19  5.68533e-16  1.77723e-13  1.31691e-14  2.0208e-13  5.34954e-09  6.32531e-19  9.82671e-11  7.0709e-09  5.23692e-10  1.05648e-08  5.43279e-11  4.8208e-19  
1.72898e-10  2.72226e-13  2.64369e-14  3.07424e-18  3.09673e-12  1.16338e-11  6.34635e-16  4.65962e-13  1.11596e-09  8.05568e-19  2.7467e-10  3.23476e-09  6.97669e-10  1.93215e-07  7.78056e-10  2.51126e-20  
3.71835e-10  1.88955e-12  7.33409e-14  3.15848e-18  1.03476e-10  3.79942e-11  1.23617e-15  1.0076e-12  1.28016e-09  2.63544e-18  2.47507e-09  2.06452e-09  1.97878e-08  2.40832e-07  1.07125e-09  1.04253e-20  
1.34305e-10  1.88308e-11  2.41176e-14  6.86376e-18  4.39418e-10  1.97539e-11  4.86327e-18  1.35897e-12  2.62162e-10  1.75405e-19  3.14965e-10  1.22326e-10  1.64573e-08  1.04777e-07  3.37734e-10  4.52081e-22  
1.20715e-10  2.19295e-12  1.16795e-14  1.64719e-18  1.45567e-10  2.01193e-11  1.42264e-17  3.7638e-13  2.87263e-10  2.51459e-19  4.99645e-10  8.70152e-11  1.49478e-08  6.45392e-08  2.04294e-10  5.27507e-22  
5.0648e-11  1.77976e-11  1.37648e-14  1.37261e-17  8.18665e-11  9.71452e-12  5.54733e-19  1.1388e-12  1.08582e-10  7.63492e-20  6.62275e-11  1.55588e-11  2.37752e-09  2.59652e-08  3.87851e-11  5.18376e-23  
2.3749e-11  6.69571e-12  4.9768e-14  1.49978e-17  5.71984e-11  2.72292e-12  2.69379e-18  3.42923e-12  1.91537e-10  1.97155e-20  1.22255e-10  5.6854e-11  1.4941e-09  1.05424e-07  2.47297e-11  2.48986e-23  
1.63383e-11  2.55591e-13  5.22443e-15  6.58676e-19  1.57097e-11  1.8814e-12  1.41491e-18  3.37762e-13  9.4939e-11  4.93611e-21  8.6767e-11  2.04439e-11  3.14633e-09  5.11439e-08  1.05212e-11  1.01256e-23  
8.85004e-12  3.96683e-12  8.66942e-15  1.38312e-17  2.93108e-11  1.89435e-12  1.04235e-19  2.43145e-12  4.33404e-11  3.17362e-21  1.74357e-11  9.48244e-12  4.33919e-10  4.91278e-08  4.39267e-12  4.69456e-24  
5.82799e-11  1.00844e-13  1.31318e-15  4.43374e-19  2.16445e-11  1.21928e-11  1.29921e-18  5.22018e-14  1.05035e-10  2.8098e-20  1.5933e-10  1.89261e-11  4.09483e-09  2.42465e-08  3.09395e-11  1.38289e-22  
2.28499e-12  8.05587e-13  5.97829e-15  3.85796e-17  2.64112e-12  7.8292e-13  3.61325e-20  3.12783e-12  2.67139e-11  2.76784e-22  1.95209e-11  1.3948e-11  3.67849e-11  7.50139e-08  6.4605e-13  1.85802e-24  
5.54511e-12  8.95478e-13  3.81155e-15  4.30065e-17  3.94342e-12  2.22612e-12  2.55002e-20  1.73121e-12  2.76672e-11  4.52083e-22  2.96645e-11  1.30866e-11  5.28029e-11  7.48207e-08  9.07941e-13  4.0296e-24  
3.59496e-12  2.43557e-14  3.95145e-15  7.31324e-18  5.12842e-13  7.28368e-13  5.83827e-19  6.32224e-13  6.1262e-11  2.64367e-22  8.36463e-11  6.37448e-11  4.04406e-11  1.50592e-07  8.42921e-13  3.52029e-24  
3.28517e-13  3.17286e-14  3.14788e-15  4.43287e-17  1.17878e-13  1.20301e-13  5.18986e-20  2.76399e-12  1.887e-11  2.12739e-23  1.60498e-11  2.51582e-11  9.83115e-13  1.15851e-07  9.4929e-14  5.92215e-25  
5.4133e-12  9.07215e-15  3.90662e-15  5.84063e-18  1.66811e-13  8.50868e-13  4.65247e-18  5.32918e-13  1.2618e-10  7.83722e-22  2.00207e-10  3.79165e-10  3.01076e-11  1.74227e-07  2.32055e-12  3.18719e-23  
1.15439e-12  4.79817e-16  1.15666e-14  2.90872e-18  2.0462e-15  9.03753e-14  4.02663e-17  5.58307e-13  1.26646e-10  1.50819e-22  1.82345e-10  5.64089e-10  1.2098e-12  1.25915e-07  1.30414e-13  9.92114e-24  
5.46361e-13  2.25982e-14  1.36823e-12  5.32096e-16  6.12238e-15  8.01694e-14  1.11879e-15  1.50986e-10  3.21597e-10  1.84206e-21  8.11456e-10  4.3707e-09  9.63873e-14  5.51604e-07  1.84127e-13  3.81481e-23  
1.24248e-12  7.82548e-15  4.68868e-13  1.3293e-16  5.34691e-16  2.21071e-13  3.10883e-14  3.57867e-11  9.81841e-10  5.36158e-20  5.09237e-09  1.46027e-08  4.17964e-13  2.28074e-07  1.33374e-13  1.17281e-20  
1.84811e-11  1.01783e-12  2.43064e-12  5.97439e-16  1.4998e-15  2.81797e-12  3.72443e-13  7.01995e-11  2.7558e-09  1.42632e-17  8.77374e-09  2.26017e-08  2.75945e-12  1.25269e-07  6.34367e-13  6.44637e-19  
2.50114e-08  1.67053e-10  9.53759e-14  8.01449e-17  2.54289e-14  6.37773e-10  4.94245e-13  6.10072e-14  9.9632e-09  4.10512e-13  2.80702e-10  2.96838e-09  8.38063e-11  1.03138e-09  4.13919e-10  1.87661e-15  
1.22015e-08  2.86379e-11  5.93383e-14  3.27844e-17  3.37946e-14  3.05856e-10  3.14232e-13  5.90409e-14  6.15757e-09  6.4207e-14  3.41321e-10  6.11237e-09  2.33028e-11  2.64219e-09  2.07491e-09  2.56848e-16  
2.97367e-08  6.4695e-12  8.48406e-16  3.33624e-18  2.47466e-15  6.74139e-10  2.28921e-15  1.70488e-16  5.70772e-10  4.7211e-13  9.89423e-12  4.14326e-11  3.43609e-12  1.54663e-12  1.46271e-09  1.52607e-16  
6.62313e-08  3.99427e-11  8.24632e-17  3.87211e-17  8.757e-17  1.04116e-09  5.65303e-18  3.66277e-18  1.36741e-10  2.20196e-12  3.94138e-13  2.28336e-13  2.58726e-13  8.59193e-16  8.4483e-10  4.98618e-16  
1.89944e-11  9.24154e-09  1.32146e-16  2.92738e-11  2.73109e-30  3.14793e-12  1.95118e-21  4.67455e-18  6.39901e-13  1.52139e-13  3.157e-17  5.56198e-17  2.15037e-23  1.20912e-20  2.37931e-17  9.62482e-19  
4.51562e-11  6.54046e-09  3.28314e-17  2.98955e-11  2.36446e-26  9.66997e-11  4.32782e-21  7.60634e-18  2.30442e-13  7.68375e-12  3.4172e-16  2.39772e-16  2.78351e-21  6.61836e-21  3.57471e-16  5.46811e-19  
1.55728e-09  1.66444e-08  5.69414e-14  1.19617e-12  6.85055e-25  5.80861e-10  3.19851e-16  6.74207e-16  5.02389e-11  2.23114e-10  5.77106e-13  1.35109e-14  8.91951e-18  1.01462e-17  1.93588e-15  2.21799e-15  
1.54095e-07  7.1945e-10  1.13077e-15  6.51664e-16  3.65629e-22  2.89615e-08  6.85869e-15  2.41838e-18  2.34034e-10  2.30556e-08  1.65721e-11  2.32428e-14  1.92071e-13  2.58961e-18  2.07716e-13  6.29994e-12  
6.37466e-08  3.56111e-10  2.49408e-14  1.16798e-16  3.52192e-23  1.88126e-09  6.48322e-13  4.94708e-18  7.72034e-10  6.35025e-09  2.87522e-11  9.34748e-14  1.54773e-14  1.20682e-17  4.58154e-13  9.41701e-12  
2.36916e-07  4.66201e-11  1.72466e-14  4.60535e-18  6.44619e-23  9.95847e-10  4.12277e-12  1.74398e-18  4.37792e-09  3.85658e-09  3.42954e-11  7.59129e-13  5.05028e-13  7.65265e-17  2.67391e-12  5.94094e-11  
1.64749e-07  4.77058e-11  8.20951e-14  1.03762e-17  6.89241e-23  6.33077e-10  3.79435e-11  2.06377e-17  1.91568e-08  7.62787e-10  2.54917e-10  1.46805e-11  1.14755e-12  6.59849e-15  3.11337e-12  5.4265e-11  
1.2752e-08  4.0504e-12  2.3035e-13  3.45568e-18  2.26715e-22  5.27228e-11  3.92053e-10  2.88974e-16  2.97919e-08  2.62816e-11  9.68424e-10  1.27392e-10  2.80073e-13  3.78964e-13  1.14789e-12  4.80145e-12  
1.61225e-08  2.08631e-12  3.61972e-14  2.16637e-18  3.63228e-20  2.96089e-10  1.81915e-10  3.08658e-16  1.62124e-08  2.15335e-11  3.03933e-09  4.59242e-10  3.56135e-12  1.3997e-12  1.7595e-12  1.69762e-12  
2.42105e-10  1.35297e-13  2.12701e-13  2.13351e-18  1.58259e-16  3.23611e-11  2.7914e-10  9.46535e-14  5.54492e-09  4.6412e-14  3.09792e-08  5.46637e-09  1.03905e-11  4.29248e-10  1.28199e-12  6.16566e-15  
4.54954e-10  7.09502e-12  3.14609e-13  1.91863e-17  5.54811e-14  1.56225e-10  8.09496e-12  9.13982e-13  2.46706e-09  1.55449e-14  3.33034e-08  9.02863e-09  1.22086e-10  4.03228e-09  2.70095e-11  3.21273e-16  
1.30482e-10  4.61222e-13  1.28361e-13  3.15224e-18  2.38405e-14  6.62883e-11  2.43723e-12  6.54447e-13  7.74185e-10  1.81828e-15  1.91816e-08  2.09042e-09  4.02355e-11  3.42999e-09  8.78911e-13  1.38227e-17  
1.82674e-11  1.5448e-12  2.94746e-13  1.01951e-16  4.35532e-15  1.21426e-11  7.47247e-14  9.29782e-12  3.33153e-10  4.74967e-17  4.02579e-09  2.02385e-09  5.06629e-13  2.83468e-08  2.24291e-13  1.4724e-19  
4.27052e-11  2.15198e-13  1.13243e-13  2.31691e-17  2.95395e-14  1.13695e-11  4.06529e-14  2.48741e-12  4.78012e-10  1.21241e-17  3.38367e-09  2.09539e-09  2.30585e-12  5.28139e-08  2.66896e-13  6.77311e-20  
6.28597e-12  4.56033e-15  1.23514e-13  8.64083e-18  2.16065e-15  5.06146e-13  3.39993e-14  1.36322e-12  4.79778e-10  1.9786e-19  1.38447e-09  2.13001e-09  2.29812e-13  4.9685e-08  3.7206e-14  8.78347e-21  
4.71363e-13  5.09685e-16  9.13092e-14  9.93376e-18  3.31408e-17  5.26421e-14  5.43689e-15  3.65686e-12  1.97902e-10  8.03104e-21  2.8942e-10  1.12557e-09  2.17315e-14  4.91406e-08  3.40609e-15  3.57588e-22  
2.3778e-12  3.62886e-15  5.21876e-14  9.46505e-18  9.52861e-17  2.99183e-13  7.764e-16  3.34364e-12  1.80263e-10  1.2936e-20  3.0416e-10  8.96868e-10  1.92349e-13  6.61e-08  1.44962e-14  3.58849e-22  
2.04816e-13  1.18717e-15  3.81747e-13  7.97675e-17  1.93728e-18  1.57135e-14  2.91706e-15  3.99504e-11  3.48967e-10  2.48596e-21  2.45154e-10  2.35995e-09  7.18471e-15  6.58084e-08  2.94738e-15  4.17125e-22  
1.67395e-09  1.57185e-10  5.31633e-17  2.80727e-16  1.73842e-15  1.25753e-09  2.90384e-22  7.79302e-16  7.67239e-12  1.60625e-16  2.8963e-12  3.78549e-15  1.46378e-12  1.28467e-13  1.53457e-12  1.27837e-19  
1.02317e-09  4.66957e-11  1.58177e-18  1.38382e-17  1.32778e-16  4.68835e-10  7.21884e-24  3.41547e-17  1.75617e-12  9.76677e-17  2.55332e-14  1.08286e-17  6.79258e-13  4.916e-15  7.24211e-15  3.17733e-20  
4.95145e-10  1.20148e-11  9.89891e-19  1.24292e-17  4.16818e-16  2.47449e-10  1.29614e-24  1.01884e-16  6.69328e-13  4.77386e-17  2.68514e-14  2.30089e-17  9.65011e-12  1.16996e-15  1.52728e-14  1.85691e-21  
1.65246e-09  5.51776e-13  8.37394e-20  6.31332e-19  1.32006e-16  6.71761e-10  4.20807e-24  8.82224e-19  1.11142e-12  3.27693e-16  5.2435e-14  1.31523e-17  1.94392e-11  7.77693e-17  8.75861e-14  2.2392e-19  
1.03085e-09  3.18813e-12  4.09123e-19  1.85596e-18  8.75174e-16  2.93393e-10  3.38283e-24  1.26149e-17  1.02789e-12  1.01478e-16  1.23834e-14  1.29258e-17  1.79235e-11  6.14859e-16  3.26517e-14  1.27139e-20  
5.07692e-10  2.08724e-13  9.51947e-21  5.38997e-20  6.53712e-17  2.93061e-10  9.02495e-26  1.18577e-19  1.94807e-13  2.26957e-17  6.37107e-15  2.33503e-19  5.0276e-12  2.65569e-17  2.0654e-15  3.59633e-21  
6.14279e-11  7.36485e-14  2.20056e-22  1.16208e-20  9.31707e-20  4.53948e-11  2.84485e-29  4.29442e-21  4.10437e-15  8.64177e-19  1.57773e-17  7.61309e-23  3.93866e-14  8.9258e-20  5.52064e-19  2.1156e-23  
2.7487e-10  7.53806e-14  1.13273e-21  2.99372e-20  6.10157e-18  1.23934e-10  1.78385e-27  8.9769e-21  2.0525e-14  1.06459e-17  6.05267e-17  2.80573e-21  2.0489e-13  3.86537e-19  4.31625e-17  4.19642e-22  
2.00947e-10  2.98073e-14  2.63077e-22  4.25694e-21  1.09284e-19  9.01332e-11  7.50095e-28  3.4765e-22  1.45422e-14  4.95778e-18  2.15159e-17  2.1607e-22  4.96041e-15  1.3096e-19  9.28214e-19  5.52596e-22  
8.32688e-11  4.59007e-13  8.38334e-22  2.42594e-20  6.64856e-22  9.41774e-11  8.902e-28  1.47095e-21  1.47179e-14  5.47273e-18  2.99451e-17  1.5957e-23  9.19197e-17  2.69719e-19  4.44873e-21  2.94238e-21  
5.29093e-11  6.75964e-11  5.15873e-15  1.35968e-15  1.14042e-29  1.15377e-13  1.09996e-18  9.9219e-19  4.94153e-11  4.96423e-15  3.41882e-17  1.83811e-17  2.04797e-22  3.14937e-18  1.89247e-19  1.26789e-16  
5.54212e-14  4.66449e-11  8.97708e-21  6.76755e-14  9.38212e-33  2.92922e-14  8.41762e-30  1.13473e-20  1.56046e-16  7.60957e-18  4.75874e-23  8.64989e-25  3.15094e-27  9.92029e-25  1.56195e-25  1.9942e-23  
6.95936e-14  6.41791e-11  7.56055e-20  8.76957e-14  1.00437e-28  3.55943e-13  4.64112e-29  5.35539e-19  4.90446e-16  6.03024e-17  2.0022e-21  3.66904e-23  1.22569e-24  5.08156e-23  4.23669e-22  8.85998e-23  
1.53441e-13  3.96275e-11  3.07982e-20  1.60983e-14  6.73923e-27  1.11572e-12  4.04503e-29  9.91711e-20  9.56546e-16  2.18058e-16  8.14041e-21  3.10848e-23  1.70685e-23  2.71387e-23  8.8887e-21  4.36654e-22  
1.1739e-12  2.67292e-10  7.96009e-18  2.59197e-15  1.30586e-23  7.70244e-12  1.43971e-24  4.97121e-18  1.097e-13  3.44146e-15  1.57311e-17  5.81894e-21  5.49301e-21  1.08448e-19  6.27442e-19  5.16704e-20  
5.44792e-12  2.14155e-09  4.04299e-14  4.98603e-15  5.44781e-18  3.38074e-11  1.70815e-18  1.44672e-14  5.29367e-11  2.28279e-15  2.76315e-12  1.3757e-16  7.42423e-18  1.40766e-13  7.02099e-17  1.9136e-18  
2.33663e-14  5.46024e-15  1.31245e-11  3.88772e-17  1.7695e-18  3.74211e-16  9.7809e-15  3.22304e-13  4.62632e-10  4.8125e-20  4.53521e-11  4.16627e-14  1.31657e-20  6.20631e-12  1.4386e-18  3.92056e-20  
3.13494e-17  3.95366e-17  4.86627e-11  2.1745e-17  1.75635e-23  2.49822e-19  2.07415e-17  2.0574e-13  4.8379e-12  1.60273e-23  1.89025e-13  3.75684e-18  1.88349e-25  5.48886e-16  6.89349e-24  1.63967e-23  
1.79732e-20  1.36141e-20  5.97697e-11  6.28559e-18  4.46354e-31  3.00945e-24  1.50889e-18  3.708e-15  1.43284e-13  2.2977e-27  3.98629e-17  1.3058e-21  1.75892e-33  6.06876e-21  2.87432e-28  1.39412e-26  
5.86611e-24  9.31246e-24  5.4221e-12  7.02647e-18  1.19061e-38  1.58669e-28  1.03992e-20  1.09432e-17  9.20448e-16  2.62466e-31  1.07608e-20  1.27357e-24  7.88302e-43  5.2505e-26  5.36578e-32  1.48091e-31  
2.72314e-23  1.0017e-22  9.70894e-12  6.17469e-17  1.27784e-39  8.40176e-28  1.08558e-19  3.34312e-17  1.83465e-15  7.39877e-30  6.10982e-20  8.69378e-24  6.1857e-45  4.2165e-25  5.05591e-32  7.71996e-30  
1.54671e-22  4.87044e-20  1.83174e-11  8.60722e-15  8.68479e-38  1.04411e-25  9.20986e-19  5.56072e-16  1.19633e-14  1.17682e-28  2.50396e-18  1.08107e-21  5.1242e-43  2.66655e-22  1.4868e-30  4.79329e-29  
3.94725e-22  4.29414e-18  8.67134e-13  1.23677e-13  3.87535e-40  3.64498e-25  9.73654e-20  7.80696e-18  6.7758e-15  6.92364e-28  8.6091e-20  2.02326e-22  1.39429e-45  3.9242e-23  5.41492e-31  1.24162e-28  
4.90291e-24  3.63217e-17  5.38205e-15  1.27023e-12  4.16805e-41  1.93228e-25  8.58987e-24  2.75587e-18  1.04256e-16  5.29936e-30  2.00131e-21  6.54983e-24  7.49073e-48  4.57042e-23  3.06639e-33  9.78762e-32  
1.10595e-24  2.40662e-16  1.15436e-18  1.74042e-12  1.2268e-48  4.45069e-25  6.71837e-30  2.01681e-22  2.71617e-19  4.48596e-30  1.19183e-24  4.87369e-27  7.50178e-49  4.1737e-27  7.6174e-39  2.58292e-34  
8.31234e-26  1.02959e-16  1.52468e-23  1.15174e-14  9.71582e-59  5.73211e-26  5.73042e-33  1.04498e-27  3.5483e-21  4.90214e-29  1.67413e-27  1.01643e-31  2.33022e-55  6.96065e-31  2.13631e-44  1.69678e-35  
4.36412e-31  7.82502e-21  8.10714e-29  1.8488e-14  1.09982e-70  4.8462e-29  1.05781e-43  1.30789e-33  8.85098e-28  6.94536e-32  2.39234e-35  2.92946e-41  1.49946e-64  6.74794e-44  3.858e-52  1.84463e-42  
