8.74429e-14  3.35665e-16  4.00837e-13  1.04898e-17  8.44737e-16  5.14411e-15  1.11454e-22  2.69367e-13  6.59554e-28  3.02989e-20  4.76415e-28  6.30618e-10  2.38273e-12  7.18025e-23  2.05101e-10  4.98582e-11  
2.00212e-17  3.03729e-19  8.7289e-13  9.5924e-24  5.70671e-20  2.52386e-11  1.14505e-31  1.02045e-19  1.88593e-33  3.73764e-27  3.00764e-39  3.81514e-09  6.59367e-16  9.39884e-28  1.17234e-10  3.26704e-11  
4.7628e-15  7.93436e-18  3.61797e-10  2.15681e-23  2.91335e-21  5.16366e-12  1.04479e-37  6.61358e-19  7.7287e-27  1.50699e-30  1.19736e-46  1.53557e-07  1.83057e-14  2.5789e-32  1.50071e-10  5.91846e-12  
3.74203e-15  2.26256e-18  1.92222e-12  2.85636e-21  1.27772e-18  1.36075e-15  2.25557e-35  1.13104e-19  8.07348e-29  4.90909e-31  1.27534e-43  5.11428e-09  6.2455e-15  6.23155e-33  3.48608e-13  1.59248e-12  
6.74839e-16  3.31775e-20  1.26794e-11  1.56888e-24  5.7211e-22  1.07421e-12  1.31315e-39  9.05218e-22  6.59413e-31  5.17213e-34  3.99338e-48  3.75295e-08  1.43206e-15  1.37298e-33  3.46656e-12  2.15905e-12  
8.64009e-09  6.04065e-08  1.62871e-08  3.49198e-14  1.17658e-11  2.02157e-19  1.00189e-22  4.48812e-13  8.88105e-15  2.50165e-18  7.90831e-30  1.3129e-09  1.73677e-10  1.33141e-24  1.8274e-11  1.83595e-11  
7.7624e-10  1.25612e-08  1.50881e-07  1.66375e-19  3.26234e-15  1.86515e-20  7.63365e-30  1.06638e-14  8.96073e-15  8.79615e-24  1.9643e-37  2.67974e-11  1.07669e-12  2.83911e-27  5.60172e-12  1.66216e-12  
1.57732e-10  3.11262e-09  1.44965e-07  1.38039e-19  3.55451e-16  8.24032e-20  6.41658e-35  1.15406e-20  3.28169e-13  1.11071e-26  2.69661e-41  6.24211e-11  6.14132e-15  1.03169e-29  1.72298e-13  7.51562e-13  
5.16137e-11  6.75181e-09  1.26568e-07  3.59351e-20  1.34432e-15  1.0588e-17  6.51123e-35  1.59411e-20  3.20629e-13  2.16091e-27  2.82812e-40  9.9663e-10  3.47633e-16  2.94422e-29  5.19047e-15  3.70466e-12  
5.66432e-11  5.32482e-09  4.94059e-07  2.03982e-19  7.58687e-16  2.16291e-16  1.13424e-32  7.50532e-21  2.00612e-13  7.57874e-27  1.80076e-39  9.09285e-09  3.65544e-17  6.58728e-29  1.69918e-15  6.54438e-12  
2.3228e-12  2.15133e-09  5.97293e-08  3.35955e-20  3.25882e-16  3.53725e-16  1.44895e-32  1.93034e-24  4.86149e-15  5.73916e-27  4.3695e-39  2.26476e-09  2.64016e-19  1.5526e-28  6.32609e-16  2.88229e-11  
3.85063e-12  2.53062e-09  1.36991e-07  1.46711e-20  1.59356e-16  1.50616e-16  1.11549e-32  1.38416e-23  1.21397e-15  1.12552e-27  4.92609e-40  3.32642e-09  4.40947e-19  2.88597e-29  3.10654e-16  8.04106e-12  
9.6199e-13  2.10525e-09  2.54543e-08  3.03321e-20  6.81634e-16  1.71235e-16  7.72487e-31  1.27486e-25  2.1181e-16  3.58352e-26  2.0941e-37  1.1063e-09  9.15193e-20  1.26621e-27  1.32368e-16  3.19916e-11  
8.36869e-12  8.63201e-09  5.03914e-08  2.4206e-19  2.83656e-15  1.31886e-17  3.52835e-30  5.56843e-25  1.4878e-15  4.76907e-26  3.94659e-37  6.10031e-10  5.03719e-19  9.18423e-28  8.70186e-17  1.20793e-11  
3.16113e-12  4.17595e-09  7.97635e-08  5.7487e-21  1.82942e-16  3.49692e-18  3.50213e-33  4.07816e-25  2.66773e-16  8.93294e-29  6.57994e-41  5.80802e-10  1.35053e-19  4.6954e-30  1.51738e-17  1.43891e-12  
1.3014e-12  5.22231e-09  1.27219e-08  1.55984e-20  1.38163e-15  3.33105e-18  1.09082e-31  3.44521e-26  1.15379e-15  8.19247e-27  6.31874e-38  1.30872e-10  9.70744e-20  4.83641e-28  2.17856e-17  1.16177e-11  
1.66451e-12  4.82172e-09  7.96551e-08  5.0015e-22  8.04695e-17  2.96987e-17  1.6099e-34  2.36571e-23  3.08213e-17  1.14238e-29  5.07695e-42  1.725e-09  8.49836e-19  2.51811e-30  4.61083e-17  1.27713e-12  
1.26004e-12  1.27955e-08  7.45388e-09  3.40769e-21  3.87114e-15  8.4979e-20  2.54046e-33  5.43922e-26  3.23168e-15  2.17752e-27  2.73758e-38  1.67688e-11  4.25577e-19  5.15672e-28  8.03333e-18  4.23314e-12  
1.02652e-12  1.45361e-08  1.17746e-08  1.20389e-21  2.89556e-15  4.07242e-19  2.06874e-34  8.88395e-26  3.49427e-15  6.91265e-28  5.16652e-39  5.13191e-11  8.9425e-19  3.92355e-28  6.89276e-18  4.55657e-12  
9.54172e-12  4.39764e-08  4.84793e-08  1.00955e-21  3.08403e-15  3.05719e-20  2.91896e-35  5.42442e-24  3.66619e-15  2.32147e-29  9.06774e-41  4.93151e-11  1.19969e-17  2.4373e-29  2.66482e-18  3.21523e-13  
2.13033e-12  2.31869e-08  4.46853e-09  5.08533e-22  6.56666e-15  3.39338e-22  1.8607e-35  9.8597e-26  1.34906e-14  1.3848e-28  1.65171e-39  1.0716e-12  3.59374e-18  1.8056e-28  1.77658e-18  4.96053e-13  
1.65856e-11  3.63471e-08  6.40112e-08  6.77791e-22  2.28298e-15  1.05271e-20  8.43695e-37  9.57019e-23  9.63808e-14  1.75951e-29  1.46183e-41  4.12956e-11  1.1197e-16  1.16595e-29  9.93052e-18  2.12819e-13  
7.41752e-11  3.92406e-08  6.04738e-08  4.30227e-21  1.00235e-14  1.60623e-22  6.88434e-37  1.4016e-21  3.39988e-13  1.58309e-29  1.05707e-41  1.01169e-11  8.01128e-16  4.10446e-30  1.72271e-18  2.13866e-14  
7.41089e-10  1.5275e-07  4.13616e-08  2.43153e-17  3.88789e-12  2.37795e-23  2.21524e-30  3.11248e-19  2.49046e-10  1.63179e-23  3.05534e-34  4.15783e-12  1.93574e-14  3.73517e-26  1.43076e-17  2.91966e-13  
1.23958e-09  7.21734e-08  8.52794e-08  3.59498e-18  5.66785e-13  3.90224e-23  4.38934e-33  1.63096e-16  3.65902e-09  3.45804e-24  7.66626e-37  2.13189e-12  2.07322e-13  7.53231e-27  8.77305e-16  2.52401e-13  
2.91628e-09  2.65514e-08  2.28951e-07  1.51908e-16  1.11678e-12  4.17348e-20  5.46022e-31  5.63741e-15  1.38538e-07  1.51873e-21  2.04921e-34  4.8939e-11  6.4093e-13  5.24986e-25  1.37304e-14  5.89183e-12  
1.75822e-10  1.45384e-10  5.06805e-07  1.42527e-18  2.53077e-15  8.68359e-13  1.78114e-32  3.33053e-16  1.7567e-09  1.67218e-22  3.12521e-36  8.56672e-08  2.01801e-13  9.17815e-25  1.2936e-12  3.44643e-10  
2.00997e-10  9.56907e-11  6.40622e-07  3.66013e-19  9.26839e-16  1.87423e-14  6.46727e-34  4.5888e-17  9.15091e-10  1.49881e-23  4.2675e-37  3.95619e-08  1.16811e-14  2.632e-26  3.3537e-13  1.34283e-10  
2.83847e-13  1.6641e-13  3.47102e-08  5.27559e-22  3.52383e-18  4.67541e-13  1.43717e-35  5.67026e-20  4.64673e-14  5.64092e-25  1.15381e-38  6.79675e-08  5.04761e-17  2.04174e-27  4.04557e-14  1.13254e-10  
8.41475e-16  6.71971e-15  4.8148e-10  9.72628e-24  9.19179e-19  3.05831e-11  4.75897e-34  6.46356e-23  4.4034e-19  3.27649e-24  2.28676e-36  6.86817e-08  1.54511e-17  2.78016e-25  1.5963e-13  8.43128e-10  
3.00684e-21  6.53385e-18  1.71979e-15  2.00616e-24  9.53474e-15  9.22496e-13  1.78991e-29  8.21502e-27  4.60193e-22  2.12946e-17  2.04333e-23  6.29813e-13  3.47807e-15  4.52003e-14  5.32496e-16  1.12882e-08  
3.21302e-22  4.66033e-19  1.08321e-15  9.19425e-26  8.74419e-16  2.27588e-11  8.74907e-29  9.61865e-25  7.27249e-21  2.69966e-17  2.84536e-22  1.23534e-12  6.28167e-17  1.93156e-13  3.02046e-16  1.62557e-08  
2.41296e-16  1.8859e-15  6.48404e-12  3.6545e-19  1.23441e-13  2.32299e-11  1.04665e-22  3.04332e-18  1.40562e-15  2.35016e-14  7.38781e-22  6.73221e-10  2.62959e-14  7.4431e-16  1.91375e-13  3.58538e-08  
4.73232e-16  1.84965e-16  2.39189e-10  4.85748e-22  7.18683e-18  6.71966e-09  3.9765e-29  6.18987e-17  1.04402e-16  9.43812e-20  9.51235e-32  6.46382e-08  4.41401e-15  1.82203e-21  1.30633e-11  6.86166e-09  
1.39873e-13  5.01314e-16  1.28817e-09  2.66581e-19  1.34259e-17  1.83864e-11  1.88824e-27  7.77383e-16  3.87684e-15  4.26139e-19  2.72618e-31  5.61676e-08  2.70186e-15  2.20909e-23  3.15384e-11  3.80182e-09  
1.41043e-12  4.77762e-15  1.38478e-08  4.11022e-19  5.87683e-18  2.74991e-11  7.81504e-29  1.61549e-14  2.75717e-14  9.30931e-21  2.08689e-34  4.37234e-07  9.1636e-14  2.02123e-25  1.65266e-10  8.45862e-10  
7.83481e-11  2.68692e-13  2.37919e-07  3.75478e-18  8.87491e-17  1.77083e-12  9.60631e-30  1.52159e-13  9.85812e-12  1.56564e-20  6.50516e-35  3.40132e-07  1.09101e-12  1.74171e-25  2.99193e-10  7.08784e-10  
2.05254e-09  2.16016e-12  1.02635e-06  2.3496e-17  2.4508e-16  1.48807e-15  6.87286e-31  3.05231e-13  1.63845e-09  4.1331e-21  2.37327e-36  2.14049e-08  9.67289e-13  1.05773e-26  6.81183e-11  9.72367e-11  
4.28756e-10  1.7001e-12  7.50593e-07  6.54288e-19  2.63666e-17  7.5273e-15  9.73064e-34  5.3115e-13  3.64207e-09  1.18996e-22  1.24384e-38  2.65463e-08  8.10483e-13  5.04696e-27  1.86677e-11  4.46555e-11  
2.36763e-09  3.19785e-11  3.19208e-07  6.12153e-18  2.07643e-16  1.02445e-18  1.49368e-32  6.57599e-12  7.65243e-08  4.84996e-23  1.69292e-38  3.22866e-10  7.08583e-14  7.51622e-28  1.53256e-12  3.9051e-12  
3.43092e-10  4.9574e-11  2.25541e-07  3.91212e-18  5.06563e-16  4.69872e-17  6.67133e-33  1.8619e-13  6.31133e-08  5.31803e-23  1.4209e-37  9.47977e-10  2.84142e-15  6.63845e-27  3.41551e-13  3.01578e-11  
1.18912e-10  3.15207e-11  1.59141e-07  1.79439e-18  2.87208e-16  5.89267e-18  1.23665e-33  3.242e-14  4.60024e-08  7.9295e-24  5.94684e-39  4.53389e-10  1.13783e-15  6.27095e-28  8.76496e-15  4.06801e-12  
1.17197e-10  3.85806e-10  7.43118e-08  4.45289e-18  2.92058e-14  2.43086e-19  3.11387e-33  1.96756e-15  1.23254e-07  9.10208e-23  3.99947e-36  4.64105e-11  9.77426e-16  4.07077e-26  8.54869e-16  8.72533e-12  
2.6373e-10  2.23452e-09  1.78617e-07  1.08349e-18  1.46667e-14  4.86202e-19  2.2372e-34  5.0369e-16  5.99515e-08  1.38187e-24  1.9799e-38  2.05387e-10  7.40913e-15  3.32495e-27  2.20038e-16  1.93163e-12  
9.39595e-10  1.04594e-08  8.87637e-08  1.03841e-18  3.53098e-14  1.6657e-21  1.547e-34  2.67906e-16  4.48655e-09  8.70152e-26  2.19554e-39  2.52308e-11  3.30483e-14  3.01382e-28  9.39437e-17  1.37717e-13  
3.77689e-10  2.25527e-08  2.92584e-08  7.73148e-19  2.15827e-13  8.61057e-24  1.99737e-33  3.99816e-17  8.16244e-10  2.51538e-25  5.60758e-38  1.26952e-12  1.58804e-14  4.42295e-28  2.23973e-17  4.54414e-14  
8.60733e-11  1.39981e-08  5.03404e-08  2.61739e-19  8.66484e-14  7.07822e-22  2.54742e-35  1.09441e-18  4.56908e-10  6.37425e-26  6.16897e-39  1.23146e-11  7.93795e-15  2.5683e-28  1.26544e-17  1.28968e-13  
5.32931e-10  6.0992e-08  1.80223e-08  9.57003e-18  2.98812e-12  1.13164e-24  1.45751e-32  6.09209e-18  1.16175e-09  1.33515e-23  7.00552e-36  4.16223e-13  2.23293e-13  6.89606e-27  6.99197e-17  8.00816e-14  
1.53835e-17  3.17327e-13  1.52706e-10  1.34135e-24  1.70142e-17  3.16658e-12  7.74782e-36  1.04598e-27  1.4298e-21  1.38939e-25  2.3649e-37  3.91337e-09  6.14951e-20  2.93257e-25  1.3415e-15  9.46257e-10  
4.20968e-18  2.72082e-14  1.2484e-10  2.90876e-26  5.56148e-19  3.22105e-11  1.02859e-37  6.28249e-32  1.01897e-23  1.58566e-27  1.80773e-40  2.24203e-09  2.32301e-21  2.50608e-26  1.95727e-16  5.39009e-10  
5.66171e-19  2.81316e-14  8.55452e-11  2.9627e-26  8.92198e-19  7.51709e-12  1.40446e-35  7.34675e-31  6.50952e-25  1.49617e-26  3.43573e-39  1.58399e-09  8.81709e-22  4.75155e-26  1.68088e-17  1.5433e-10  
2.10145e-19  5.01295e-15  5.56563e-11  2.7637e-28  1.57449e-20  1.48854e-11  1.69321e-39  5.19926e-29  3.55415e-27  3.20826e-29  8.66749e-44  2.1377e-09  1.03575e-21  2.32251e-28  6.2238e-16  5.23772e-11  
1.33371e-18  2.18296e-14  1.39651e-10  9.01365e-27  1.64072e-19  1.51776e-11  1.12794e-36  1.66579e-30  2.29262e-25  8.44959e-28  2.82359e-41  3.21771e-09  1.04405e-21  3.00336e-27  7.26602e-17  9.74712e-11  
1.28651e-20  3.37763e-16  2.46858e-11  9.50101e-30  8.65471e-22  4.30219e-11  1.08978e-41  5.9539e-33  1.20628e-29  1.59735e-31  1.26429e-46  1.10227e-09  4.88909e-24  8.99099e-30  1.23925e-17  1.75831e-11  
8.71787e-24  5.17222e-19  3.56435e-13  1.80395e-32  3.1497e-23  1.97838e-10  7.01065e-45  2.03321e-39  2.53292e-33  1.06817e-33  7.49459e-49  6.82682e-11  5.34187e-27  2.31396e-30  8.12596e-20  7.68239e-12  
5.51929e-22  1.30049e-17  1.87239e-12  4.92694e-31  2.02317e-22  1.09276e-10  1.38301e-42  3.23986e-35  1.52311e-30  2.8676e-32  3.64611e-47  4.19799e-10  6.46691e-25  9.04757e-30  7.1275e-19  1.21848e-11  
2.2476e-22  1.08214e-18  6.58059e-13  4.0674e-32  1.54389e-23  2.07611e-10  1.24744e-45  4.57609e-37  6.66415e-31  3.76131e-34  5.44533e-50  2.0101e-10  2.01781e-25  5.06144e-31  3.70572e-19  8.14953e-12  
3.59772e-22  8.31017e-19  3.39195e-13  2.27922e-31  7.19546e-23  2.8512e-10  9.17883e-46  6.14547e-39  2.46876e-29  3.64818e-33  1.02754e-48  4.39417e-11  3.64812e-25  1.05846e-29  1.27752e-18  5.35323e-11  
1.88061e-14  2.68735e-14  1.13992e-11  3.66423e-19  3.9849e-14  6.73891e-15  1.98038e-27  6.95334e-24  1.82112e-21  2.21154e-18  3.92125e-29  2.26695e-11  5.41015e-15  1.26432e-20  1.16785e-13  9.80027e-10  
2.61608e-25  1.54916e-20  2.13054e-18  3.36138e-29  1.91624e-17  6.35804e-14  5.9165e-35  1.4485e-37  6.25009e-31  5.34893e-22  3.84134e-30  4.36453e-16  2.9275e-21  4.04672e-17  2.75678e-20  7.28297e-10  
3.04021e-25  1.8917e-19  2.16186e-18  8.57533e-28  1.21736e-16  1.35225e-13  8.508e-31  5.76804e-35  4.60265e-33  1.72848e-20  2.02018e-28  2.06401e-16  7.53512e-21  5.26276e-17  2.09113e-19  1.32167e-09  
1.79569e-25  9.6221e-20  2.0666e-18  1.63186e-28  1.2407e-17  2.17383e-12  7.30745e-30  4.50616e-35  4.36572e-36  1.18277e-21  2.54283e-29  3.92329e-16  1.46509e-21  1.22089e-17  7.45479e-19  1.11821e-09  
2.03219e-21  4.33181e-17  7.58775e-16  3.35253e-24  2.10629e-16  6.8962e-12  2.5859e-25  9.43376e-31  1.78951e-30  3.25041e-20  5.84281e-28  3.98073e-14  6.56723e-20  3.33919e-18  7.75131e-17  3.35996e-09  
1.41505e-14  5.72644e-12  8.67311e-12  5.17863e-18  7.54958e-14  1.90589e-13  3.62493e-22  7.22188e-24  1.7819e-20  1.83024e-18  4.94995e-27  8.30077e-12  2.14955e-16  1.12435e-18  5.06944e-15  4.23186e-09  
5.26736e-09  5.26512e-09  4.30883e-11  1.52583e-12  1.08002e-11  4.02609e-24  7.56487e-19  3.09377e-16  4.33762e-19  1.41459e-18  1.04438e-28  1.26022e-13  6.89689e-14  9.53877e-24  3.66305e-15  3.09469e-13  
3.80759e-11  1.12039e-11  1.15395e-14  4.84978e-11  2.98768e-11  1.79457e-29  1.61438e-17  1.1682e-20  8.9497e-22  6.92514e-17  3.98975e-28  8.85878e-17  3.81842e-16  1.19354e-24  3.88937e-18  1.449e-14  
7.84894e-13  7.25009e-15  4.40954e-20  1.91902e-10  1.09777e-11  1.80995e-37  1.11383e-18  4.83658e-24  1.1333e-27  7.97893e-17  4.74129e-29  2.06409e-20  9.45638e-18  2.54304e-26  8.77446e-19  1.42572e-16  
5.66284e-17  1.10344e-19  1.6594e-26  3.72827e-12  1.94195e-13  1.30768e-44  3.27923e-22  2.82819e-28  1.38902e-35  1.77857e-17  1.02487e-29  8.24287e-24  3.48256e-20  6.39714e-27  3.58609e-21  1.02844e-18  
3.2327e-17  2.63232e-19  4.08628e-24  2.95505e-11  1.96286e-12  4.97489e-44  7.13525e-19  8.69633e-28  2.08758e-31  1.69841e-13  7.54076e-25  7.31308e-23  4.1552e-18  3.25016e-24  1.01577e-22  1.91274e-18  
6.55935e-16  2.00072e-16  1.80835e-22  6.30116e-11  7.86507e-11  1.28153e-41  7.64525e-16  2.67256e-24  4.01117e-27  5.27472e-11  9.13135e-20  1.78887e-21  4.00198e-16  4.81963e-20  1.45806e-21  1.24977e-16  
1.09831e-17  1.09771e-16  3.87618e-23  8.22643e-13  3.55644e-11  2.33182e-39  6.14821e-15  4.756e-25  1.00741e-27  1.65907e-09  4.0457e-16  9.19473e-21  4.39463e-16  1.8253e-16  5.35243e-21  3.03822e-15  
1.15782e-21  1.9483e-17  2.23244e-25  8.72349e-17  8.43423e-12  5.14216e-39  5.93875e-19  6.33575e-29  5.24505e-31  3.13144e-11  2.53572e-16  1.33982e-23  2.0264e-18  3.417e-14  7.98356e-23  8.30488e-15  
1.35085e-27  2.07823e-21  2.70656e-28  1.35683e-23  9.80789e-14  9.64073e-34  1.7701e-25  1.8406e-32  2.86848e-36  2.12225e-15  1.64738e-18  1.56231e-26  1.23818e-21  7.74809e-13  2.76444e-25  3.35256e-14  
3.16094e-32  5.21021e-27  1.79489e-29  2.84639e-32  5.69344e-19  4.34559e-31  4.18846e-44  2.47709e-42  4.42005e-44  2.93664e-25  3.19443e-29  3.6879e-29  7.62391e-27  1.92038e-15  2.74361e-27  1.30106e-14  
3.3361e-46  8.20901e-38  8.04416e-41  6.63507e-42  1.09636e-22  2.58134e-34  3.1622e-44  5.122e-52  2.85711e-62  4.46402e-27  2.64419e-26  1.63031e-37  8.74883e-35  2.27049e-13  1.0393e-33  2.27841e-16  
