2.103120 0.577504 2.835506 1.178584 1.589562 1.330892 0.367339 0.818997 0.612294 0.525409 -0.383648 0.156070 0.384862 
0.951608 -0.391765 2.327622 3.344650 1.996742 0.967785 0.424859 0.786498 0.709415 0.201415 0.535033 0.592444 0.439048 
0.818218 -0.881685 2.799265 2.388163 1.491083 0.216598 0.571235 1.324543 0.023530 0.155628 0.792518 0.605501 0.343850 
2.245326 0.555329 -0.166768 -2.164819 0.582521 1.657472 0.628144 0.342004 1.035661 0.667098 -1.056452 -0.425634 0.720194 
1.615428 0.804206 -0.528328 -1.498425 0.661866 1.119770 0.367804 0.462716 0.819280 0.614328 -0.364740 -0.471299 0.547289 
1.782393 0.041369 -0.269894 -1.352998 0.574842 1.554210 1.714725 0.674590 -0.012445 0.627390 -0.128379 0.104652 0.531516 
0.396317 -1.437679 -0.220306 -0.456458 0.122446 1.932895 2.206803 1.343819 0.267047 -0.441595 -0.348039 -0.342569 0.675735 
0.485036 -2.926192 0.163440 -0.400187 -0.471765 1.522811 2.122162 0.996285 0.423776 0.007360 -1.060834 -0.112223 0.067303 
1.327741 -1.970875 0.076268 -0.348454 -0.630737 0.961587 2.238250 1.216058 0.164610 -0.392382 -0.556542 -0.827929 0.226695 
1.673168 -2.724200 -0.588494 0.630543 -0.235887 0.550432 1.383303 1.572012 0.413094 -0.829812 -0.542844 0.042763 -0.182651 
1.694997 -2.745916 -0.275040 -0.082432 -0.162634 0.163439 1.798504 1.575447 0.349692 -0.666033 -1.231832 0.710842 0.037431 
1.798285 -3.790367 -0.479126 -0.123092 0.474005 -0.447983 0.478512 2.372866 -0.170130 -0.800850 -0.906637 -0.345314 0.451341 
1.438574 -3.338913 -1.159941 1.375059 0.910138 0.441655 -0.372767 1.123550 1.137033 0.059803 -0.749121 -0.590720 -0.208303 
1.935904 -3.598978 -1.340592 0.552777 2.154542 -0.016680 -0.773625 1.082880 0.929692 0.574115 -0.937797 -0.944812 0.185428 
2.094659 -4.309180 -0.809379 2.141369 1.366993 0.286357 0.076820 1.238266 1.465779 0.634326 -0.472225 -0.598029 0.148323 
2.223820 -2.462638 -0.465249 0.862171 1.765503 1.011602 -0.311612 0.969193 1.517940 0.653241 -0.118105 -0.842052 -0.180786 
2.610583 -2.464552 -0.159464 1.555826 1.412891 1.059061 0.055735 0.708855 1.679192 0.823476 -0.858344 -0.561365 -0.198877 
2.326394 -2.794317 0.151819 1.652459 1.508156 0.295154 0.755321 1.290269 0.933680 1.132444 -0.589599 -0.524181 0.006299 
1.927876 -2.806871 -0.366620 1.506729 1.586398 0.815996 0.183702 1.377337 1.234090 1.057580 0.155632 -0.722780 0.169158 
2.905089 -2.718461 -0.041135 0.803599 1.909907 0.946391 -0.489930 1.889490 1.344394 0.420740 -0.257260 -0.800482 0.118505 
3.232918 -2.072684 -0.825253 1.714416 1.336753 1.277686 0.291131 0.877105 1.549241 0.681851 -0.554333 -0.794929 0.062051 
3.137438 -2.653366 -0.420035 1.072115 1.904672 1.334859 0.080753 1.034550 1.363790 0.937201 -0.655516 -1.054098 0.451801 
2.870712 -2.720990 -0.579383 1.308645 1.266127 1.163608 0.457873 0.761163 1.215164 0.709961 -0.371051 -0.296839 -0.852934 
2.826753 -2.518125 -0.264832 0.709750 2.049254 0.905650 -0.045686 1.493888 1.185004 0.265253 -0.647112 -0.981879 -0.459013 
1.871280 -2.594362 -0.247209 1.590699 1.430611 1.055034 0.488537 1.086372 1.081557 0.301180 -0.701944 -0.683493 -0.444786 
1.795660 -1.707761 -0.357110 0.817372 1.876466 1.221993 0.021723 0.811957 1.072691 0.647361 -0.765317 -1.254027 -0.196256 
1.402499 0.029325 1.761715 0.921347 0.689140 0.982736 1.136845 -0.006321 0.075952 0.326918 -0.070531 -0.187393 0.308259 
1.090158 -0.304222 1.623965 1.384464 0.399652 1.520676 1.339646 -0.018775 0.743144 0.465529 -0.573487 -0.001332 0.703601 
0.702104 -1.825564 0.863339 1.303102 1.408840 2.082752 1.133345 0.125768 -0.110694 0.465604 0.021225 -0.330321 0.617483 
-0.323487 -2.725807 0.744078 1.151415 1.686100 2.127752 1.322254 0.101369 -0.127280 0.092630 0.168019 0.346005 0.293208 
-0.279296 -2.809393 0.346947 0.250193 1.151042 2.499488 1.071855 -0.438755 0.112113 -0.151676 0.030697 0.496320 0.220323 
-0.415769 -1.831921 -0.384049 -0.081617 1.844586 2.556619 1.244494 0.012581 0.517060 -0.425698 -0.047681 0.299435 0.373535 
0.480388 -1.952948 -1.166966 0.141020 0.861335 2.307083 1.602988 0.811833 0.492997 0.337617 -0.298195 0.096674 0.292508 
2.514120 -0.355609 0.391127 -0.169681 -0.046053 2.197522 1.114556 0.105960 0.936668 1.085895 -0.371882 -0.138448 -0.132048 
3.280264 -0.790624 0.480188 -0.348380 1.279439 0.457068 0.098452 1.131457 0.742399 0.605729 0.434206 -0.119193 -0.036879 
3.720297 -0.489983 0.431591 0.385351 0.487605 1.040281 1.342876 0.660043 0.797969 0.608020 0.193239 0.543489 0.457726 
3.007937 0.371255 0.436898 0.143741 0.712468 1.247333 1.266064 1.399115 -0.274850 0.847289 0.732178 -0.279591 -0.080049 
2.099822 -0.375606 0.376215 0.340738 0.198717 1.885071 2.676719 1.487033 -0.238577 -0.064478 -0.287519 0.053758 0.283399 
2.098137 -1.841354 0.744357 0.149472 0.145861 1.906914 2.623169 1.911594 -0.052328 -0.417486 -0.119317 -0.615647 0.300304 
1.836857 -2.430067 0.878276 1.289901 -0.379095 1.335178 2.677909 2.484529 0.340916 -0.930852 0.204610 -0.139457 -0.398430 
1.895468 -1.153322 0.969443 0.645827 0.421248 0.587110 2.090705 2.492924 0.201394 -0.625039 -0.259757 -0.070878 -0.089382 
1.867411 -1.269204 0.477984 0.829176 -0.067058 0.662465 2.230258 1.781191 -0.080481 -0.438524 -0.501980 0.330337 0.045362 
3.089088 -1.524390 -0.469333 0.467628 0.683319 0.645627 1.514232 2.127598 0.914069 -0.726213 -1.453606 -0.128248 1.042093 
0.832003 -1.185554 -0.120299 -0.015779 2.549463 2.312156 -0.277729 0.417542 0.985509 -0.271089 -0.676908 -0.290107 0.587822 
1.653162 -1.149011 -0.282521 0.190314 1.178998 2.199572 1.037598 0.373492 0.789723 0.317051 -0.782073 -0.382430 0.962134 
1.634289 -2.120558 0.939528 -0.449606 -0.590585 1.051580 2.406605 1.752267 -0.314320 -0.376198 -0.645016 -0.207525 0.462811 
2.217263 -1.507177 0.285859 0.138123 -0.428574 0.762907 2.230597 2.040850 -0.277011 -0.780053 -0.594495 0.195815 0.101279 
2.391397 -1.974186 1.087500 0.795221 -0.972041 0.367834 2.257331 1.977896 -0.260543 -0.587683 -0.684390 0.084004 0.511825 
2.888258 -1.441056 -0.085950 1.073004 0.354405 -0.096973 1.681347 2.315629 -0.054514 -0.586334 -0.746194 -0.126113 0.394327 
1.767277 -1.534866 0.664120 0.984960 0.354660 0.388342 0.911294 1.726541 0.980129 -0.985681 -0.920920 -0.011776 0.263975 
2.930769 -1.273030 0.001148 0.471122 1.525773 0.972148 0.203673 0.976844 0.492801 0.425086 -0.195321 -0.773821 0.525780 
3.569777 -0.078688 -0.548865 0.020210 0.818785 1.425238 0.859820 0.879909 0.764708 0.003728 -0.347896 -0.634992 -0.087700 
2.990738 -1.080108 0.752851 0.510312 0.933021 0.834107 1.388110 1.555332 -0.029789 0.183888 -0.563532 -0.369888 0.358037 
2.697903 -0.150331 1.359583 2.784732 2.641071 0.694826 0.283617 0.468084 0.217721 0.361987 0.100993 0.398751 0.422597 
2.744345 0.580124 2.337960 2.113959 0.895798 0.090393 1.437084 0.977359 0.161254 0.726595 0.466767 1.060607 0.140074 
3.414726 1.343406 2.786023 1.195254 0.918484 0.935931 1.479903 1.820586 0.639935 -0.079834 -0.551449 0.799464 0.553868 
3.503315 1.810020 2.384119 1.668800 1.836291 1.039934 1.083950 1.019610 0.277674 0.640327 0.506814 0.493609 0.262451 
3.513963 2.187187 2.440471 2.270211 1.669741 0.871764 0.548569 0.546564 0.612106 0.596743 0.450050 0.497777 -0.326866 
1.768424 0.424628 1.812232 2.298469 2.079966 1.418818 0.744330 0.517838 0.671398 1.031959 0.446592 0.421294 0.196574 
2.572033 0.723001 2.542931 2.780018 1.481532 0.864323 1.621570 0.732169 -0.181659 0.310363 0.020093 -0.139809 0.352867 
2.358328 -0.330799 1.812732 2.146065 1.761214 2.378593 0.914083 -0.157517 -0.262166 0.482563 0.576663 -0.001047 -0.201518 
2.647547 -0.459242 0.675794 1.516029 2.475545 2.040483 0.968206 -0.072973 -0.158989 0.841245 0.844659 -0.240724 -0.067217 
1.822617 -1.355022 0.697316 1.616482 1.715890 2.307247 1.091638 0.151044 0.278622 0.559077 0.812162 0.455249 -0.253614 
1.613160 -1.292350 0.734853 1.304856 1.957792 2.851597 0.699863 -0.257869 0.447022 0.524140 0.530050 0.354450 -0.005082 
1.954220 -2.111983 0.665183 1.559492 1.779344 2.789535 1.104835 0.291817 0.063395 0.569129 0.217107 -0.138832 0.095400 
1.116717 -1.347605 0.942394 0.635297 1.181431 1.887247 1.072387 0.437466 0.366193 0.383524 0.159566 -0.309984 0.318151 
1.712545 -0.847197 1.010590 -0.093272 1.249207 2.071483 1.482730 0.331959 -0.117438 0.484058 -0.088287 -0.431772 0.213907 
1.377262 -1.663951 0.659005 0.093403 0.568434 1.619761 1.537392 0.670750 0.678508 0.217433 -0.704386 -0.179515 0.092173 
2.480600 -0.875319 0.491226 0.192979 0.374344 1.283148 1.374076 1.490378 0.869072 0.152314 -0.771811 0.071609 0.103411 
2.790200 0.889234 1.488164 0.237205 -0.242256 0.994265 1.208412 0.800164 0.300797 0.795743 -0.271456 -0.005228 0.283452 
3.049782 -0.021381 1.072213 -0.032200 0.341786 1.503979 1.245750 0.979174 0.679885 0.522617 0.149322 0.084004 0.198307 
3.128099 0.434170 1.164763 -0.200762 0.317993 1.573864 1.661625 0.817288 0.401397 0.462348 0.380665 0.339616 0.448371 
2.608396 0.867821 0.384067 0.393681 1.266935 1.411594 1.081097 0.641470 0.667768 1.367373 0.621631 0.008744 0.383723 
1.861552 0.017017 0.470134 -0.126827 0.251246 1.847108 1.994139 1.064497 0.455112 0.149796 -0.064402 0.264670 0.415751 
2.839428 -0.992669 -0.310310 -0.248813 0.584243 2.011333 2.213369 1.119386 -0.434959 0.134451 0.459484 -0.773602 -0.723220 
2.776454 -0.982923 -0.157948 0.661971 0.299084 1.132684 2.051966 1.525888 -0.853658 -0.135676 0.214242 -0.066369 -0.212475 
2.708875 -1.300195 0.737622 1.211962 0.268105 1.212953 2.064900 1.474499 0.263640 -0.085841 0.201480 0.233430 0.008005 
3.624096 -0.428977 0.431778 0.591126 0.857051 1.117946 1.438726 1.774628 0.391623 -0.193200 -0.275074 0.313792 0.671039 
2.699756 -0.749495 1.115134 1.038440 1.150771 1.277239 1.506870 1.207978 0.565991 0.391196 -0.211682 -0.096546 0.379177 
3.468312 -0.346585 0.926633 1.004688 0.848796 1.081426 1.217331 1.766500 1.030048 0.234407 -0.673575 0.061093 0.632046 
3.186208 -0.559232 0.334026 1.308877 1.453407 0.947156 0.722293 1.371079 0.961960 0.267699 -0.078715 -0.138909 -0.002330 
3.455320 0.012548 0.509926 0.678158 1.153967 0.442927 1.412051 1.725510 0.825981 0.539033 -0.593482 -0.204358 0.724438 
2.949916 -1.209675 1.011479 0.871107 1.072056 1.298713 1.067071 0.526001 0.750289 0.787820 -0.274634 -0.326403 -0.246305 
3.214489 -0.408940 1.024186 0.710700 0.701964 1.010745 0.798028 0.723495 0.374628 0.523445 0.010484 -0.704955 -0.357218 
2.210302 -0.411508 0.704953 0.484554 0.864968 0.920658 0.641115 1.010717 0.586966 0.302783 -0.544286 -0.540082 -0.171905 
3.620960 -0.413531 0.936185 0.164011 1.653488 2.276133 0.660529 0.454179 0.975466 0.301554 -0.594919 -0.644685 0.179339 
3.244640 -0.112349 -0.017689 0.923077 2.380274 0.901366 0.826111 0.964149 0.248491 0.851824 -0.171260 -0.321622 -0.203213 
3.184061 -0.428839 0.957055 1.247767 1.382157 1.302758 1.174677 1.318239 0.748203 0.270217 -0.531479 -0.250728 0.549439 
3.422938 -0.582833 0.534435 1.643585 1.868374 0.994288 0.521746 0.528812 0.388332 0.630023 0.464506 -0.427489 -0.220189 
2.977159 -0.791862 -0.113029 1.248955 1.659781 0.966693 0.851733 0.904257 1.147359 0.297842 -0.107544 0.004771 0.308926 
2.575224 -0.614889 0.366683 1.547844 1.885196 0.956191 0.324688 0.645464 0.842223 0.501571 -0.133628 -0.561679 0.002301 
3.358065 -1.411072 0.477031 1.629077 1.524855 0.961162 0.710593 0.749546 0.807314 0.913974 -1.082975 -0.102545 0.237733 
2.956265 -0.555743 0.857102 1.286729 1.504023 1.427862 0.534193 0.956698 0.882153 1.074834 -0.539553 -0.713847 -0.047980 
3.326608 0.162037 0.529250 1.760037 1.858693 1.197577 1.279319 1.193617 0.067706 -0.079501 -0.006814 -0.821525 -0.335348 
3.261694 -0.175209 0.948857 1.316519 1.132036 1.097207 0.331372 1.070948 1.018523 -0.037167 -0.539417 0.159712 0.386913 
3.350805 0.374614 0.919733 1.079404 0.982428 0.974229 0.890902 1.359824 0.543111 0.100869 -0.290946 -0.087495 0.516115 
3.569129 0.207471 0.838963 1.314071 1.221180 1.512553 1.240798 1.227471 0.490830 0.116324 -0.037056 -0.115991 -0.106472 
3.504648 0.161195 1.242848 1.052189 1.655498 1.705721 0.949881 1.066480 -0.007720 0.101778 -0.396867 -0.281053 0.498237 
2.431272 0.646511 1.623910 2.179022 1.643989 1.226910 0.861189 0.776279 -0.012476 0.144737 0.021882 -0.442290 0.416333 
2.526223 0.767058 1.985506 1.656127 0.892661 0.492245 0.453178 1.331740 1.451301 -0.260203 -0.561611 0.145040 0.022672 
1.471458 -0.570567 2.177999 2.773635 1.292538 0.223473 0.487250 1.484550 1.067906 0.331159 -0.328955 0.448188 0.374284 
1.589123 -0.715661 1.555859 2.789482 1.984305 0.738842 0.558635 0.876524 0.459747 0.827179 0.561820 0.641123 0.035164 
1.472829 -0.789935 2.440648 2.354025 1.847375 1.580290 1.473292 1.603879 0.421294 -0.009418 -0.096795 0.583404 0.281914 
2.069962 0.493677 2.930730 1.472980 0.470853 1.263989 1.720685 1.733683 0.850832 0.878257 1.269261 0.639642 0.301682 
1.088313 -0.292768 2.332862 2.645262 1.546460 0.715859 0.860390 1.113048 0.517112 1.067111 1.111399 1.016965 0.761631 
1.236715 -0.157581 2.659507 3.053299 1.068078 0.442588 0.667818 0.966443 0.601225 1.139746 1.112659 0.381813 0.234579 
1.957372 1.568845 2.852718 1.774834 0.925388 1.550461 1.819079 1.042143 -0.272942 0.998424 1.058149 0.444209 0.153900 
2.814135 0.254118 2.422325 2.350861 1.584730 1.427450 0.631685 0.165588 0.683296 0.739586 0.262695 0.687152 0.296926 
2.710597 1.142473 2.498466 1.509568 0.989627 1.286120 0.639388 -0.152746 -0.264538 0.385497 0.522486 0.249226 0.298924 
2.326093 -0.587546 1.281333 0.470686 1.195778 2.219989 0.792656 -0.273893 -0.515880 -0.059136 0.327780 0.425988 0.278139 
0.033978 -2.497901 1.676005 0.334644 1.475535 2.317778 0.857700 -0.401112 -0.186896 0.895450 -0.353338 -0.067569 0.303164 
0.509127 -2.283917 1.292396 0.966142 1.377731 2.431797 1.563758 -0.917817 0.625985 0.567236 -0.481376 -0.096908 0.005246 
1.323791 -1.457508 0.791840 0.622483 0.653248 2.243054 1.276981 -0.020669 0.489119 0.624492 -0.625051 -0.214697 0.194914 
2.556049 -0.133760 0.852531 0.342366 0.779577 0.815576 0.974161 1.178354 0.245679 0.590471 -0.254765 -0.415050 0.082804 
2.225191 0.122921 0.512263 -0.308603 0.389968 2.075459 1.206402 0.766451 0.241972 0.777280 -0.368454 0.262394 0.483893 
3.409675 0.116732 0.224965 -0.959314 -0.337224 1.560667 1.898804 0.791583 0.218928 0.636639 -0.335877 -0.269040 1.210162 
2.174341 -0.599723 0.342556 -0.611099 0.973734 1.109035 1.095232 0.854086 0.546309 0.798690 -0.068767 0.051010 0.709020 
2.862710 -0.054857 0.678937 -0.676422 -0.211294 1.822145 1.772911 0.458258 0.165432 0.455139 0.118603 0.134311 0.651494 
1.172420 -0.889282 -0.083864 -0.989763 0.267492 2.366261 2.606080 0.505078 -0.266068 -0.066439 -0.186864 0.069426 0.389664 
0.974673 -2.231236 0.283080 -0.372302 -0.482146 2.048135 2.854877 0.496599 -0.332506 -0.178205 -0.228146 -0.254140 -0.000694 
1.484398 -1.800944 -0.584829 -0.335706 -0.202864 1.106678 2.626597 1.758379 -0.679072 -0.590417 -0.326498 0.209648 0.013450 
1.797911 -1.779073 0.148970 -0.375526 -0.775075 1.132159 2.148629 1.268000 -0.756882 -0.941068 0.039295 0.101939 -0.632827 
3.231991 -1.296281 -0.287740 0.494369 0.612266 0.981188 0.455428 1.182572 0.026652 0.145821 -0.070115 -0.657380 0.311645 
3.859883 -1.580646 -0.572035 1.186579 1.464260 0.327451 0.923126 1.023818 0.015965 0.203241 -0.048681 -0.392948 0.139296 
3.610596 -0.845488 0.585949 1.170268 1.353357 0.375571 0.320101 0.744961 0.057974 0.254261 0.124714 -0.207075 -0.250602 
3.529685 -0.633841 0.580977 1.062564 1.090264 0.895482 1.187763 0.780036 0.667962 0.429201 -0.112860 0.230780 -0.168441 
4.155262 -0.510967 0.824167 0.079501 1.714148 1.289882 0.221637 1.265860 0.541349 0.467802 -0.157436 -0.451838 -0.498343 
3.648385 -1.079038 0.404028 0.689115 1.523738 1.495136 0.791198 1.243159 0.528328 0.490664 0.071454 0.197708 0.274080 
3.241181 -0.630826 0.362553 0.904643 2.313292 1.511462 0.638408 0.700267 0.322873 -0.013475 -0.045506 0.212459 0.425326 
2.881829 -1.126579 1.140036 1.838986 1.259527 1.457642 1.073264 0.548868 0.451396 0.584623 -0.165277 -0.281461 -0.009943 
3.811745 -0.557657 0.811177 0.382872 1.401281 1.244405 1.857578 0.930397 -0.414623 0.689876 0.447089 0.201908 -0.134226 
2.900636 -0.872927 0.532368 1.542454 1.623920 1.681844 0.878716 0.120675 0.402334 0.914389 0.121920 0.342899 -0.113980 
2.379073 -0.676231 0.394021 1.373726 1.828663 1.535475 0.438351 0.869235 0.694813 0.299166 0.039034 -0.021941 0.523443 
3.535911 -1.062252 1.305258 1.672781 1.535346 0.988151 0.239001 0.165671 0.706037 0.933462 0.144229 0.111220 -0.240410 
1.430410 -0.324448 2.168882 1.913213 1.865961 0.856208 0.391718 1.310786 1.576106 1.023445 0.466032 1.165846 0.917855 
2.796017 0.210828 1.777321 2.922695 2.778960 1.773737 0.897749 0.764678 0.711952 1.367761 0.245396 0.513379 0.602214 
2.744566 0.290239 1.760063 1.677819 1.404781 1.323842 0.949697 1.583270 0.863070 1.522116 1.299330 0.945055 0.992873 
2.000155 0.098748 2.507315 2.690219 1.430218 1.854762 0.889922 1.112105 0.595018 1.397465 1.135229 0.906042 0.852325 
2.450693 -0.182271 1.556794 1.242518 2.316087 2.279203 0.615655 1.206464 0.965144 0.945812 0.382549 1.199588 1.280660 
2.567198 0.633230 1.903417 1.405986 1.474451 1.394293 0.853303 0.487100 1.173638 1.023923 0.477631 0.917157 0.546036 
3.395668 0.455417 1.848568 2.216681 1.632162 0.690758 0.625882 0.879329 -0.200655 0.473082 1.002747 0.416910 0.130699 
