9.93873e-34  1.96642e-36  1.41869e-33  2.1095e-33  2.08478e-25  1.98477e-37  1.55702e-55  2.60338e-66  2.10689e-53  4.3017e-38  3.60928e-42  4.04075e-33  4.85481e-44  3.59061e-30  3.22044e-34  1.00935e-15  
3.85981e-34  4.74539e-37  8.85605e-34  3.50882e-34  5.27416e-26  3.3975e-37  9.24318e-57  9.42192e-68  3.97659e-54  4.85947e-39  3.69294e-43  2.62899e-33  7.28971e-45  1.2415e-30  1.18546e-34  8.94541e-16  
2.5389e-33  4.95345e-36  4.30401e-33  2.82366e-33  2.69607e-25  6.38813e-37  3.43597e-55  6.58687e-66  1.07333e-52  6.6313e-38  4.22044e-42  9.64501e-33  1.30215e-43  5.06892e-30  6.19176e-34  1.42508e-15  
2.12975e-33  5.03677e-36  4.30331e-33  1.97667e-33  2.2909e-25  7.42918e-37  2.22735e-55  5.99002e-66  1.08294e-52  5.44774e-38  3.66457e-42  9.58411e-33  1.21997e-43  5.29813e-30  5.91815e-34  1.523e-15  
9.25397e-34  1.67761e-36  1.2965e-33  1.46894e-33  1.59544e-25  2.03411e-37  1.23013e-55  8.6722e-67  1.66101e-53  3.27775e-38  2.81552e-42  3.39339e-33  3.72894e-44  3.67039e-30  2.20301e-34  9.88276e-16  
1.27123e-33  2.09076e-36  2.23612e-33  1.32804e-33  1.42802e-25  4.92903e-37  9.75811e-56  1.23978e-66  2.48145e-53  2.56129e-38  1.76836e-42  5.95091e-33  4.26154e-44  2.82609e-30  3.68693e-34  1.24738e-15  
2.64338e-33  3.76871e-36  5.30437e-33  2.31977e-33  2.04189e-25  1.25787e-36  2.38214e-55  4.28367e-66  8.46644e-53  4.4417e-38  2.52925e-42  1.55639e-32  8.78798e-44  3.31379e-30  7.66062e-34  1.65787e-15  
1.66447e-33  2.69291e-36  2.30146e-33  2.60476e-33  2.22558e-25  2.72376e-37  2.23221e-55  1.48556e-66  3.13995e-53  4.28575e-38  2.56885e-42  5.29451e-33  7.5467e-44  3.42217e-30  3.55612e-34  1.01548e-15  
1.16282e-33  1.99751e-36  2.07009e-33  1.52485e-33  1.60084e-25  3.98186e-37  1.0922e-55  8.79106e-67  2.13943e-53  2.93972e-38  1.93597e-42  5.57037e-33  4.67412e-44  3.02952e-30  3.49015e-34  1.13974e-15  
1.10923e-33  2.07157e-36  1.78555e-33  1.29818e-33  1.35413e-25  3.60303e-37  1.20379e-55  7.98654e-67  2.17339e-53  2.67556e-38  2.17998e-42  4.5914e-33  4.41128e-44  3.47914e-30  3.05327e-34  1.1458e-15  
2.2075e-33  3.98755e-36  2.81011e-33  3.10754e-33  2.65565e-25  3.16727e-37  3.57047e-55  4.42219e-66  5.22164e-53  6.55932e-38  4.43882e-42  5.91434e-33  1.12514e-43  4.75672e-30  4.8962e-34  1.19028e-15  
5.09366e-34  8.44705e-37  1.08961e-33  6.48576e-34  8.59433e-26  3.09147e-37  3.2855e-56  1.66045e-67  5.78209e-54  1.14422e-38  8.61633e-43  3.19309e-33  1.9499e-44  2.10441e-30  1.73912e-34  9.53627e-16  
1.56307e-33  2.49434e-36  3.19267e-33  1.69954e-33  1.93363e-25  5.92772e-37  1.02972e-55  2.94969e-66  4.53765e-53  3.27813e-38  1.73753e-42  6.79707e-33  6.19787e-44  2.95308e-30  4.3139e-34  1.2266e-15  
3.70394e-33  8.48206e-36  6.57129e-33  5.24091e-33  4.74879e-25  7.28001e-37  7.20188e-55  2.89693e-65  2.67285e-52  1.37865e-37  7.08652e-42  1.37796e-32  2.64928e-43  6.29721e-30  9.54575e-34  1.54085e-15  
5.98753e-34  1.00113e-36  1.20263e-33  7.12586e-34  9.45181e-26  3.63546e-37  4.87535e-56  3.83098e-67  1.06895e-53  1.56087e-38  1.41447e-42  3.95307e-33  1.83038e-44  2.49886e-30  1.95228e-34  1.07701e-15  
9.30646e-34  1.48153e-36  1.85534e-33  1.09418e-33  1.52148e-25  3.84953e-37  5.70935e-56  1.39991e-66  2.49336e-53  2.47844e-38  1.84651e-42  4.18826e-33  3.4176e-44  3.41428e-30  2.4201e-34  1.06462e-15  
2.91089e-33  5.29389e-36  2.50281e-33  6.13138e-33  4.19901e-25  1.60205e-37  1.75132e-54  8.27041e-66  7.73931e-53  1.77638e-37  1.58271e-41  6.59063e-33  1.48683e-43  6.97851e-30  6.00363e-34  1.09074e-15  
2.09147e-33  3.47856e-36  3.27945e-33  2.62729e-33  2.42063e-25  5.4539e-37  2.85985e-55  6.32661e-66  7.30223e-53  5.38533e-38  3.47255e-42  7.28535e-33  8.15078e-44  3.79922e-30  5.66988e-34  1.28541e-15  
6.40809e-34  1.6287e-36  1.29796e-33  1.72032e-33  2.3217e-25  2.82495e-37  1.95345e-55  2.31926e-66  2.0374e-53  6.00104e-38  5.27079e-42  3.79273e-33  4.94331e-44  5.01088e-30  3.02828e-34  1.06662e-15  
8.53049e-34  2.32291e-36  1.592e-33  1.46562e-33  1.64658e-25  1.6565e-37  7.14999e-56  6.70925e-67  1.31497e-53  3.15767e-38  2.3415e-42  4.74957e-33  6.09011e-44  3.52003e-30  3.82434e-34  9.89134e-16  
1.38601e-33  2.0166e-36  3.98024e-33  1.05534e-33  1.18394e-25  1.23775e-36  3.34656e-56  1.17571e-66  3.54034e-53  1.49204e-38  7.96378e-43  1.25413e-32  4.06682e-44  2.05553e-30  5.18711e-34  1.48253e-15  
7.89155e-34  1.68902e-36  8.18352e-34  1.90061e-33  1.74676e-25  3.92039e-38  1.03396e-55  5.54936e-67  1.10769e-53  4.19182e-38  4.28136e-42  2.25964e-33  3.7733e-44  4.30758e-30  1.66144e-34  6.74865e-16  
1.34698e-33  2.98191e-36  4.0958e-33  1.42486e-33  1.85218e-25  2.16947e-36  2.73202e-55  3.13754e-66  8.6455e-53  5.28886e-38  3.73786e-42  1.39629e-32  8.09194e-44  5.538e-30  4.59745e-34  1.96089e-15  
3.37472e-33  5.23707e-36  5.41983e-33  4.59253e-33  2.60765e-25  2.27827e-36  2.05418e-54  4.35968e-66  1.05005e-52  1.3418e-37  1.40303e-41  2.95255e-32  1.30209e-43  7.36866e-30  1.74379e-33  2.32649e-15  
1.94955e-34  6.10788e-37  1.2412e-33  3.8691e-34  7.40426e-26  2.36743e-36  1.60487e-56  1.94446e-67  5.89987e-54  1.46953e-38  1.04893e-42  1.21513e-32  8.47816e-45  1.87193e-30  3.03968e-34  2.03031e-15  
6.64601e-33  8.34423e-36  1.22795e-32  1.02671e-32  3.74591e-25  1.81966e-36  1.68821e-54  1.01108e-65  1.76672e-52  1.08701e-37  3.82292e-42  4.10162e-32  4.37355e-43  3.62335e-30  2.17866e-33  1.78616e-15  
1.29219e-33  2.44114e-36  3.36428e-33  1.15298e-33  1.23257e-25  5.23546e-37  2.25091e-56  1.79835e-66  2.74306e-53  1.09474e-38  5.14591e-43  8.84885e-33  4.9721e-44  1.36314e-30  6.32872e-34  1.1416e-15  
4.88138e-34  7.17473e-37  1.05945e-33  6.52051e-34  7.74522e-26  8.92402e-37  7.95387e-56  4.03438e-67  8.26259e-54  1.40993e-38  1.68459e-42  5.1643e-33  1.37133e-44  2.53525e-30  2.05792e-34  1.39662e-15  
1.45212e-33  3.87511e-36  2.21375e-33  2.50055e-33  2.46703e-25  2.60155e-37  8.35132e-55  4.56297e-66  4.22577e-53  1.50404e-37  1.47596e-41  7.55832e-33  1.00216e-43  7.31592e-30  5.998e-34  1.40998e-15  
1.18284e-33  1.85037e-36  1.72944e-33  1.44942e-33  1.09346e-25  5.07462e-37  1.14708e-55  8.26282e-67  2.04382e-53  2.15914e-38  2.22997e-42  7.01519e-33  2.62358e-44  2.61452e-30  4.8572e-34  1.31946e-15  
2.19293e-33  3.76742e-36  2.39626e-33  3.0539e-33  2.45369e-25  5.34315e-37  9.84179e-55  1.02466e-65  5.31485e-53  1.05373e-37  1.34459e-41  9.91722e-33  7.82936e-44  6.27124e-30  7.29437e-34  1.70923e-15  
2.36002e-34  9.59263e-37  4.31233e-34  1.22107e-33  1.89226e-25  8.7728e-38  2.20227e-55  1.30801e-66  6.13245e-54  1.02462e-37  2.0878e-41  2.85596e-33  2.62495e-44  9.28274e-30  1.57905e-34  1.06804e-15  
1.2957e-33  1.10548e-36  1.34001e-33  3.44332e-33  1.56758e-25  6.6096e-37  1.52579e-54  7.59078e-67  5.72965e-54  6.14906e-38  1.07629e-41  1.40896e-32  3.84096e-44  3.76926e-30  8.26426e-34  1.55831e-15  
2.29269e-33  2.83758e-36  1.51382e-33  4.49424e-33  1.62962e-25  6.8051e-38  4.87456e-55  1.03177e-66  1.3768e-53  4.11209e-38  5.71522e-42  5.48518e-33  5.52134e-44  2.76288e-30  1.72572e-33  7.0633e-16  
1.49351e-33  4.42718e-36  3.51913e-33  2.61325e-33  2.5871e-25  1.00976e-36  5.74084e-55  6.83606e-66  6.65651e-53  4.40597e-38  2.99775e-42  1.22428e-32  1.49575e-43  3.2696e-30  9.19353e-34  1.43443e-15  
1.68812e-33  2.32761e-36  3.04788e-33  1.38971e-33  1.3526e-25  1.58352e-36  5.1296e-55  1.69352e-66  4.6599e-53  3.19831e-38  2.62252e-42  1.01195e-32  4.74528e-44  2.97943e-30  5.34628e-34  1.6196e-15  
2.92296e-33  8.69841e-36  3.46614e-33  7.52305e-33  3.4391e-25  2.06918e-36  6.71543e-54  1.2692e-65  2.47605e-52  2.30883e-37  3.5096e-41  2.60996e-32  1.23408e-43  9.94996e-30  1.62575e-33  2.66899e-15  
5.02331e-34  9.72267e-37  1.63151e-33  1.3271e-33  1.40596e-25  6.45324e-37  4.31352e-56  2.56881e-67  8.59352e-54  2.64127e-38  2.74696e-42  1.20407e-32  2.8045e-44  3.81589e-30  5.72072e-34  1.26907e-15  
1.16016e-33  2.16324e-36  2.89563e-33  2.37959e-33  3.39107e-25  1.46897e-36  2.94332e-55  2.04163e-65  1.33687e-52  1.0069e-37  8.86965e-42  1.36774e-32  4.65782e-44  6.21091e-30  3.42086e-34  1.87463e-15  
7.25391e-34  2.49179e-36  9.43566e-34  3.79227e-33  2.075e-25  1.23625e-37  2.70917e-55  2.19286e-66  1.47745e-53  5.47782e-38  5.23823e-42  7.48919e-33  3.4666e-44  2.10137e-30  7.23031e-34  1.0766e-15  
1.00026e-33  1.43309e-36  5.05895e-33  3.12425e-33  4.17105e-25  1.69244e-36  9.56889e-56  1.06962e-65  5.10979e-53  1.08065e-37  5.84757e-42  3.08518e-32  7.56113e-44  4.94615e-30  1.019e-33  1.65977e-15  
4.73015e-33  2.43365e-35  1.09783e-32  6.68678e-33  3.7531e-25  1.08541e-37  1.03949e-56  1.06655e-65  4.03086e-52  2.09944e-38  3.17815e-43  1.07756e-32  4.19505e-43  1.74175e-30  1.87413e-33  6.79263e-16  
5.79346e-34  2.25044e-36  2.12087e-33  3.07404e-33  1.38182e-25  3.58445e-36  1.95009e-55  3.71279e-68  5.12435e-54  2.95227e-38  1.74333e-42  4.30994e-32  4.34087e-44  1.88185e-30  3.04569e-33  2.27274e-15  
7.90889e-33  6.97138e-36  2.54266e-33  1.14553e-32  3.56209e-25  2.01403e-38  1.09071e-54  1.3567e-65  2.71858e-53  6.92706e-38  3.17493e-42  4.22596e-33  1.59545e-43  1.10755e-30  1.57414e-33  5.72274e-16  
9.21405e-34  1.81598e-36  7.16963e-34  6.40248e-33  2.2187e-25  5.46462e-38  1.20814e-54  3.37653e-67  1.15807e-54  1.02162e-37  6.7017e-42  4.69857e-33  8.81687e-44  2.14207e-30  9.26339e-34  8.98743e-16  
1.61678e-33  1.82127e-36  8.44098e-34  8.36791e-33  2.31614e-25  2.96553e-37  8.67654e-54  8.50153e-67  1.26091e-53  1.18387e-37  7.655e-42  3.95492e-33  3.26881e-44  2.01438e-30  3.11914e-34  1.17802e-15  
1.353e-33  2.05423e-36  9.87625e-33  3.86507e-34  5.77585e-26  8.59666e-37  9.65154e-58  1.35631e-66  3.07266e-53  3.54599e-39  1.18457e-43  3.26477e-32  6.6176e-44  1.03964e-30  9.49316e-34  1.27103e-15  
