2.71202e-21  1.60552e-12  7.02892e-23  3.15056e-19  1.35206e-58  4.00572e-25  1.55072e-37  7.77332e-34  4.24867e-22  1.29781e-31  2.64522e-31  4.17911e-35  3.20108e-44  3.19522e-37  2.74857e-39  2.2333e-33  
5.97456e-23  1.80715e-13  1.08419e-20  1.41428e-19  2.13564e-54  1.11799e-28  2.07083e-35  8.51619e-30  4.79208e-22  4.45092e-33  1.55649e-32  2.17675e-30  2.6317e-48  1.3581e-33  4.15934e-35  4.15579e-37  
6.83565e-21  1.51059e-12  6.84265e-19  4.2496e-18  2.55305e-49  2.96731e-25  5.72798e-34  2.53152e-26  7.60276e-21  7.18132e-31  2.35385e-29  2.6026e-27  5.476e-41  1.35244e-30  2.32634e-31  4.84686e-34  
5.79055e-19  2.07143e-12  1.45738e-23  3.38366e-17  5.59778e-58  4.20321e-20  2.0232e-30  2.51246e-33  2.55308e-18  3.85988e-23  1.80792e-24  3.84919e-34  1.22127e-39  1.6638e-35  6.34739e-38  9.42076e-26  
4.06482e-17  1.65282e-10  9.26239e-21  1.73376e-15  2.80568e-50  1.45466e-18  3.21972e-29  5.92205e-28  3.82811e-17  1.40955e-21  2.83168e-23  1.9868e-30  3.63948e-34  3.4796e-31  3.32472e-33  1.31765e-24  
7.12188e-18  1.23558e-10  4.50231e-20  1.05675e-16  1.10078e-54  1.06735e-19  3.06133e-27  7.91399e-28  8.24673e-17  8.56405e-22  5.53323e-22  1.04855e-30  1.80759e-38  3.56965e-30  1.10109e-33  4.11688e-24  
2.43766e-19  6.32307e-12  8.68919e-24  1.0277e-18  1.15698e-47  1.60817e-17  3.23602e-28  7.73152e-28  1.7336e-18  2.72129e-20  3.92398e-21  1.09128e-29  2.99635e-38  1.71487e-28  6.56052e-31  1.43772e-25  
6.94301e-18  4.24865e-11  1.47284e-23  1.26106e-16  6.96014e-47  1.52681e-15  2.33012e-26  2.49409e-28  3.29159e-18  8.05722e-18  1.6678e-19  9.25339e-28  4.01185e-37  2.72538e-29  4.93928e-30  8.95969e-24  
2.25149e-17  1.42986e-11  7.38871e-25  3.50386e-17  2.29505e-52  4.15194e-16  1.91337e-29  1.89052e-29  2.8533e-19  2.20173e-17  5.30201e-22  1.88446e-30  9.43247e-36  1.22242e-32  7.78876e-32  2.28796e-23  
1.43358e-16  2.4999e-10  7.89332e-22  1.20318e-16  9.49869e-52  2.56108e-16  3.99815e-25  1.16307e-27  8.10356e-18  1.50567e-15  1.1331e-21  3.60619e-27  8.42033e-34  1.02686e-30  4.7419e-30  2.34203e-22  
5.75175e-17  2.7817e-11  2.58933e-22  5.7437e-17  1.88591e-52  5.35753e-17  3.98862e-24  2.98264e-28  2.88396e-17  7.27697e-17  2.76646e-20  5.47504e-26  9.06885e-34  8.41044e-30  6.82928e-31  1.00177e-22  
6.00508e-16  9.02362e-12  3.20636e-22  2.49786e-17  6.68823e-50  4.02326e-16  2.84978e-25  2.5382e-28  9.15524e-18  1.06819e-15  5.72992e-22  1.61769e-25  2.48139e-30  1.82405e-31  3.54754e-28  3.79009e-21  
9.16423e-17  9.20874e-11  8.53134e-22  7.09883e-15  6.49276e-49  5.28237e-18  2.5291e-26  2.13474e-29  2.31026e-18  1.396e-16  1.29649e-24  2.9682e-26  1.49206e-35  7.02369e-34  3.81921e-28  2.79886e-24  
4.52896e-17  4.9497e-12  1.10294e-22  2.34487e-15  4.12956e-53  2.64387e-21  5.50301e-28  1.24353e-32  1.59619e-18  4.64763e-19  5.1036e-27  1.70428e-27  4.55353e-37  5.11471e-38  1.88531e-29  4.07539e-25  
2.39127e-20  2.59306e-12  4.75861e-22  4.40567e-15  1.43623e-59  9.25246e-23  3.64991e-28  4.19764e-32  1.1617e-20  6.51984e-21  3.09073e-28  2.65017e-29  1.06776e-44  4.7822e-38  5.27871e-35  1.03152e-28  
2.96216e-20  4.69986e-12  1.6493e-22  3.37339e-15  3.5159e-58  8.26506e-23  1.00951e-31  5.291e-33  1.18121e-20  2.10943e-22  4.34071e-29  4.35148e-32  8.37449e-43  1.56314e-39  1.66583e-34  1.55367e-29  
7.37952e-21  1.22307e-12  3.7755e-24  7.0099e-16  5.42385e-63  2.81469e-23  1.42368e-31  6.60164e-36  2.40977e-21  7.38684e-23  1.19458e-29  2.76573e-33  7.72107e-47  6.21005e-41  3.90378e-37  2.80591e-30  
4.04313e-20  5.52749e-12  9.09753e-23  5.70552e-15  7.76993e-61  2.55585e-23  2.64864e-31  2.29412e-32  5.80365e-21  4.49354e-23  6.08126e-29  1.1121e-30  8.36677e-46  3.50525e-38  2.46341e-34  1.24571e-29  
2.73445e-21  2.93856e-12  2.34519e-21  1.06011e-14  1.24057e-57  9.65695e-24  7.00079e-31  1.3205e-30  7.70076e-21  1.53572e-23  5.5213e-29  1.02429e-30  7.1444e-46  2.5968e-37  6.96234e-34  1.59922e-30  
1.24874e-21  5.46543e-13  1.64122e-23  1.75691e-16  8.15003e-64  2.76121e-24  2.09784e-33  4.12138e-35  5.01344e-22  1.15869e-23  3.08371e-31  2.46369e-34  1.9276e-45  6.0515e-42  1.31985e-37  9.06787e-31  
3.31141e-21  7.60462e-13  3.30997e-24  1.65084e-16  2.92141e-69  1.58831e-24  1.73538e-31  3.64376e-37  1.39939e-21  2.63981e-22  3.67074e-31  8.93105e-36  4.13323e-49  2.74445e-43  1.02154e-39  9.79394e-30  
8.89252e-22  6.41256e-14  9.11405e-25  6.16238e-17  2.46444e-68  1.41243e-25  2.0872e-32  3.36324e-38  8.49424e-22  6.81082e-24  2.0395e-31  3.68245e-36  4.11315e-49  9.53605e-45  1.5683e-39  7.47751e-30  
6.69267e-20  8.258e-12  9.10745e-23  5.02147e-15  1.87995e-65  1.03929e-22  7.03432e-31  2.54888e-34  5.22717e-21  9.44217e-21  2.57454e-29  7.63926e-34  4.63801e-46  1.30504e-41  7.66932e-37  2.07241e-28  
2.13729e-20  6.14986e-13  1.16331e-25  1.66962e-16  5.42296e-64  1.57155e-23  2.83907e-35  7.3875e-37  1.94171e-22  2.68511e-22  6.29943e-32  1.98204e-35  6.07334e-44  1.49012e-44  6.90916e-37  4.25698e-30  
2.4654e-19  7.07161e-12  2.22121e-24  4.78827e-16  1.18145e-56  2.94618e-21  4.6914e-32  3.37156e-33  4.28018e-21  9.55417e-21  1.08638e-28  1.22782e-31  1.16302e-42  6.98497e-39  6.54629e-33  1.08701e-28  
1.74795e-19  6.69263e-13  1.00825e-25  2.8591e-16  2.39993e-55  3.36641e-22  6.7833e-35  7.60492e-35  1.77172e-21  2.43839e-22  4.26905e-30  9.12962e-34  5.64702e-42  1.19097e-41  6.05663e-33  3.9497e-29  
6.4729e-17  1.47419e-10  9.04077e-21  2.02336e-17  2.95649e-50  1.36866e-19  5.13925e-31  2.1464e-28  1.2816e-18  5.95776e-24  1.20734e-24  9.87204e-30  6.53951e-36  3.20529e-31  8.84293e-32  2.04607e-26  
2.54401e-19  5.41751e-12  2.66339e-22  3.70152e-18  2.90474e-51  1.38346e-20  2.21035e-30  7.29696e-30  2.46643e-19  2.74854e-25  1.35418e-24  3.70782e-30  3.57801e-41  7.42774e-31  9.38536e-34  1.6975e-28  
1.93975e-18  9.55472e-12  1.0283e-20  1.13925e-18  5.30395e-48  4.86994e-21  6.28294e-28  3.45309e-29  4.75278e-18  1.86106e-23  6.9518e-24  5.04797e-29  8.38618e-41  3.34289e-31  5.78255e-29  4.03861e-26  
2.35737e-18  4.81792e-11  5.1271e-19  1.16069e-18  6.21317e-42  1.37117e-20  1.26303e-25  2.50006e-26  5.20368e-17  3.05405e-23  1.34486e-21  5.44278e-26  2.68163e-38  1.58725e-27  1.73847e-26  1.88584e-26  
2.98401e-17  1.15576e-10  3.76219e-18  1.21776e-18  4.54488e-40  3.26224e-18  1.11327e-22  7.78563e-26  1.5018e-15  1.31783e-20  1.17299e-18  8.03106e-26  5.51257e-35  1.44428e-26  3.91073e-26  3.06724e-23  
1.16385e-18  4.65654e-11  3.11832e-20  1.72744e-19  2.22018e-41  5.05008e-20  3.07517e-25  2.5881e-27  3.11038e-16  1.85924e-22  7.47277e-21  3.67633e-27  9.8722e-37  3.1966e-27  1.70048e-27  3.05706e-26  
5.50803e-19  1.07244e-10  1.24053e-20  4.75006e-17  1.70933e-47  4.24825e-19  6.24031e-25  2.34719e-27  5.1578e-17  4.9852e-20  2.08318e-21  3.17439e-28  8.09987e-41  1.05976e-28  1.97174e-29  3.71822e-25  
3.59809e-20  1.70172e-11  4.75983e-22  2.39891e-16  9.96581e-62  7.69044e-21  1.33872e-30  1.12751e-32  8.38312e-20  2.86993e-23  1.27694e-25  3.40712e-36  9.78782e-46  4.22855e-37  5.72374e-39  5.44694e-27  
3.02554e-18  3.25343e-10  1.33691e-18  1.17261e-14  1.15982e-62  2.7701e-22  1.05412e-29  4.96446e-30  1.47946e-18  9.38668e-23  4.75909e-27  1.12686e-31  1.92961e-38  1.56228e-36  5.02787e-36  7.93424e-27  
8.88755e-20  4.4757e-11  9.79206e-19  3.36582e-16  1.31012e-70  8.3598e-24  5.0954e-27  1.93006e-31  1.85075e-18  1.75739e-23  4.56864e-26  9.34613e-34  5.06332e-44  2.44333e-36  2.49035e-41  1.08612e-26  
2.48421e-20  1.13286e-11  4.95414e-21  1.98043e-16  2.33779e-65  2.7097e-23  6.71826e-34  1.09022e-30  5.80307e-21  4.79677e-25  2.67243e-29  5.01222e-37  5.14096e-45  2.91713e-38  2.75197e-39  4.4184e-29  
5.42499e-21  1.87526e-12  5.61849e-25  7.87843e-20  1.45113e-62  2.01594e-21  2.47078e-32  4.84731e-32  5.78642e-21  1.64156e-23  5.30377e-26  5.49019e-36  1.42694e-46  1.87133e-34  1.56234e-38  2.01608e-28  
5.13662e-22  1.57081e-13  9.67174e-27  4.02268e-20  1.5928e-63  4.96202e-21  2.6563e-34  1.0714e-33  1.21338e-22  7.45796e-23  4.61418e-27  2.7459e-37  5.44856e-47  1.02202e-37  6.9151e-39  5.41866e-29  
4.30952e-24  3.58138e-14  2.25684e-27  6.25241e-20  2.82265e-64  7.90555e-22  1.19432e-36  3.8531e-32  4.95897e-25  1.15795e-23  2.4249e-29  2.64168e-37  7.66839e-50  1.03057e-37  2.84917e-40  3.90551e-33  
3.08203e-21  1.56942e-12  1.51908e-25  1.27917e-18  4.65693e-59  1.31579e-20  1.21514e-35  2.38614e-30  9.7736e-23  2.17113e-23  4.29148e-28  1.52125e-33  1.36596e-42  1.43803e-34  2.27766e-36  3.91108e-31  
1.00535e-18  2.12303e-11  2.83004e-23  4.50165e-18  9.44228e-57  3.67629e-19  1.15679e-29  8.29794e-29  1.05657e-19  1.66483e-20  3.74375e-24  2.72825e-30  1.26877e-39  2.67113e-31  1.10593e-33  1.81817e-26  
3.6067e-21  9.77133e-15  3.03537e-27  5.26919e-20  1.06326e-67  4.14878e-22  9.05642e-30  1.62879e-36  8.34123e-21  2.44556e-21  1.43794e-27  1.2443e-33  3.88885e-44  5.25946e-38  1.2093e-39  3.06377e-28  
2.76886e-19  2.39405e-12  4.80097e-23  3.46123e-20  4.74741e-47  2.11342e-22  1.95599e-29  4.96229e-33  6.86006e-18  1.50596e-24  9.37202e-26  2.55813e-30  1.06196e-38  1.92072e-33  1.4415e-30  4.90862e-28  
2.57174e-19  1.30245e-12  4.77779e-23  1.07297e-18  9.96474e-55  7.01231e-21  3.1341e-27  1.15948e-32  6.0369e-18  4.10029e-22  5.61374e-24  2.14926e-31  8.59653e-42  1.07016e-33  1.44167e-33  1.55516e-25  
1.27696e-18  3.11582e-12  2.31614e-24  1.20957e-18  2.41457e-55  2.12671e-17  2.33288e-29  5.17509e-30  1.47731e-19  7.50998e-20  4.52935e-22  8.66594e-31  1.4e-38  1.45169e-31  1.09216e-33  1.74789e-24  
1.24801e-18  6.26311e-12  3.5363e-24  5.45728e-19  5.0908e-59  2.23002e-18  2.23667e-29  3.25357e-30  9.4766e-20  3.13434e-19  9.61955e-24  9.16176e-32  5.38515e-39  1.32071e-32  6.86737e-35  5.43457e-25  
6.45415e-19  1.05345e-12  3.14475e-24  4.01295e-19  5.0373e-61  6.2323e-19  2.62263e-29  7.27143e-31  2.9172e-20  2.44042e-20  3.91121e-24  3.71337e-31  2.86613e-40  6.78334e-33  4.94507e-36  2.68287e-25  
1.24821e-18  2.57852e-12  1.8815e-24  1.46108e-18  1.07243e-63  2.2118e-20  2.68093e-30  8.20613e-32  2.18055e-20  9.1134e-20  4.99858e-27  1.51063e-31  2.35024e-40  3.04683e-35  1.89939e-35  2.36761e-26  
1.23746e-18  8.85849e-12  3.64555e-24  2.65786e-18  1.34717e-52  1.70683e-18  1.31146e-29  1.90272e-30  1.2106e-19  1.64222e-20  1.03736e-24  7.74023e-29  1.47516e-35  4.61356e-32  1.36979e-32  4.84353e-27  
1.1363e-17  2.3809e-11  2.10149e-21  1.36139e-16  1.00631e-60  6.42924e-22  2.36508e-29  1.14272e-32  1.16254e-18  4.14188e-21  2.80278e-27  5.26845e-32  4.08583e-39  5.41944e-38  5.12617e-34  5.7261e-25  
1.887e-18  4.32213e-11  1.34576e-23  3.2714e-17  1.46521e-68  1.87e-21  9.00871e-32  2.40817e-35  4.13643e-20  2.09702e-20  9.68103e-29  1.67159e-37  1.43506e-41  1.9842e-41  3.40889e-40  8.3344e-26  
2.30513e-18  1.59411e-11  3.15078e-23  1.087e-17  1.34228e-63  3.36723e-21  3.00694e-31  3.8542e-33  5.78925e-20  9.11529e-22  3.41318e-27  2.92619e-33  4.47244e-41  3.16801e-37  4.57478e-36  4.27069e-26  
3.02641e-20  1.39849e-12  8.87301e-21  7.94345e-20  1.36347e-64  1.9504e-29  3.11098e-33  7.97887e-34  1.90625e-20  5.71939e-30  4.08742e-33  1.20186e-32  2.57667e-47  3.91757e-38  3.19878e-37  1.27904e-32  
4.12443e-22  5.68909e-13  6.13656e-20  1.12664e-17  1.75859e-66  8.67449e-28  1.98574e-35  5.71597e-30  4.21964e-22  9.64309e-32  1.43123e-31  3.38906e-34  3.97961e-47  1.30375e-36  1.41653e-41  3.51986e-34  
1.25431e-24  1.43928e-14  1.82954e-25  4.35563e-21  3.74088e-74  5.44329e-28  1.17159e-40  6.7858e-37  5.01952e-25  8.76708e-34  1.23692e-34  3.62599e-41  3.91623e-50  1.22521e-41  7.45001e-50  1.11646e-36  
4.02299e-24  1.30055e-13  8.87021e-23  5.75314e-20  3.75483e-75  9.11895e-31  5.93777e-41  7.21001e-36  1.6449e-24  1.72942e-35  9.12821e-37  4.56055e-42  2.4485e-52  3.33056e-43  2.05813e-49  1.44827e-37  
7.00814e-24  1.58946e-13  2.27647e-23  1.50639e-19  2.20852e-75  9.88772e-31  5.04105e-43  1.75493e-36  1.434e-25  1.22539e-35  1.43965e-38  2.67643e-43  2.17191e-52  3.24446e-45  1.91006e-50  1.21363e-38  
2.29753e-23  5.00858e-13  3.22483e-21  1.76521e-18  2.46586e-60  5.86599e-29  1.28276e-36  1.12915e-31  2.59637e-22  2.66937e-33  6.22806e-33  7.15987e-35  3.71774e-51  7.62783e-37  3.36313e-39  1.28691e-36  
8.79635e-22  1.64214e-13  6.73642e-25  6.38227e-21  4.18572e-68  9.20892e-28  1.0787e-39  1.14847e-35  5.6675e-24  7.43004e-32  9.65008e-35  7.6847e-38  1.86374e-50  2.138e-40  5.20626e-42  6.23801e-35  
2.30514e-21  3.67998e-13  3.66097e-22  7.81438e-21  3.99124e-64  5.47567e-27  2.22611e-35  2.71529e-35  5.99112e-22  1.65905e-29  3.69842e-32  3.18652e-38  1.15676e-50  7.20601e-41  9.95514e-39  5.60944e-32  
2.34727e-21  5.38423e-13  1.74531e-21  1.77981e-19  2.15095e-66  1.55921e-28  3.46613e-34  4.76949e-35  4.46771e-21  6.65692e-29  1.67618e-32  1.10505e-37  5.17066e-51  1.05319e-41  1.18474e-38  4.40492e-32  
1.70662e-21  3.25719e-12  1.57296e-19  2.51975e-18  5.63223e-59  8.65851e-26  2.78621e-30  9.02208e-31  6.96423e-20  7.87054e-27  2.43558e-28  1.02622e-33  1.99638e-48  2.62587e-36  1.77775e-35  7.67456e-31  
1.57581e-21  1.81721e-12  6.44607e-20  1.13787e-19  5.47849e-57  1.15425e-25  6.25309e-30  3.37598e-32  1.99585e-19  1.68641e-27  7.97689e-28  2.22433e-34  2.29593e-48  3.01557e-36  2.21936e-35  2.78306e-30  
3.57453e-21  1.56081e-12  1.17274e-21  8.02223e-20  2.50416e-60  6.1926e-25  2.70354e-30  4.60794e-34  3.79932e-20  1.01501e-25  3.07216e-28  2.60757e-35  8.28434e-50  2.94401e-38  1.36754e-35  8.05775e-29  
1.09824e-18  6.63912e-11  1.59788e-20  2.73631e-17  1.23711e-49  2.12395e-20  3.1037e-29  1.0304e-28  1.82509e-18  2.86523e-23  3.43794e-24  6.30155e-30  2.03088e-39  8.1012e-32  7.97232e-31  7.81336e-27  
1.35747e-18  2.08187e-11  3.01819e-22  2.16651e-18  4.05252e-55  6.48506e-21  3.03044e-31  1.02747e-31  4.4715e-19  9.83802e-24  3.40781e-25  2.07402e-33  4.17916e-41  4.61152e-35  1.51364e-33  2.80112e-26  
2.9583e-18  9.7271e-11  1.24678e-22  8.5639e-17  1.07173e-51  2.34283e-18  9.86682e-29  3.80823e-30  1.28469e-18  9.25765e-21  7.79164e-23  6.27127e-30  1.1386e-38  3.51373e-32  4.98451e-32  1.07296e-25  
8.55584e-20  2.72203e-11  3.23824e-23  7.64042e-17  2.95318e-60  3.39871e-20  1.19124e-30  7.65102e-32  5.17699e-20  5.72749e-22  8.94301e-26  7.4841e-33  7.08255e-42  6.22523e-35  4.98976e-37  1.10266e-27  
5.26935e-19  4.34391e-11  1.45162e-21  1.36969e-16  6.06722e-62  5.88185e-21  7.11879e-33  9.81079e-31  3.12741e-20  4.08485e-25  8.0444e-27  4.0517e-35  2.87898e-41  2.70457e-35  6.28041e-40  2.02179e-27  
3.01468e-20  4.50932e-11  9.30652e-21  1.18149e-16  5.52388e-65  3.53399e-22  2.21074e-31  1.86877e-31  5.2537e-20  1.19497e-24  6.98501e-27  1.86956e-35  2.2938e-43  2.06356e-36  1.92592e-40  3.96799e-28  
8.86267e-21  1.24741e-11  2.10048e-20  1.31104e-17  3.79697e-67  2.43584e-23  3.84349e-31  2.88746e-31  7.4025e-20  4.6315e-26  9.61943e-27  2.46814e-36  2.12725e-44  5.15191e-36  2.55137e-42  1.83239e-28  
3.80321e-22  4.2621e-12  2.35396e-20  2.86635e-16  4.09153e-64  7.71949e-26  3.46588e-33  1.80724e-30  1.38948e-20  9.33542e-29  2.07401e-29  2.59991e-36  3.41063e-48  1.17243e-36  4.93187e-41  6.18031e-32  
2.21998e-20  2.26043e-11  7.01822e-22  6.3139e-18  1.14681e-57  8.04523e-21  4.11068e-30  3.36833e-29  2.81137e-19  7.02656e-24  2.78248e-24  2.47737e-33  1.96918e-42  9.47128e-32  2.48279e-37  8.21447e-28  
1.79972e-20  5.82581e-13  1.95332e-25  2.8089e-18  1.22368e-68  4.76815e-22  2.19335e-35  8.54531e-35  2.72188e-22  1.15811e-21  2.67737e-29  3.12165e-40  6.22802e-47  6.51136e-43  1.80941e-39  9.0023e-28  
2.82329e-18  1.81813e-11  2.30819e-22  2.37153e-18  5.77049e-64  1.32456e-20  4.61261e-30  4.46236e-31  1.05498e-19  4.64025e-20  3.57531e-26  3.95989e-34  5.33811e-42  7.74995e-36  1.14128e-35  3.62309e-25  
1.79865e-20  1.67509e-11  5.4866e-22  9.85687e-18  5.171e-65  3.09667e-22  1.46691e-30  8.85529e-31  1.13727e-20  1.02424e-22  6.47313e-27  9.30743e-34  3.63241e-45  1.87246e-35  3.47401e-38  1.78931e-28  
1.60231e-20  3.30619e-12  3.21367e-22  7.48379e-19  1.19776e-70  8.87925e-24  4.13112e-30  1.3578e-33  4.37112e-20  1.21026e-23  3.81679e-28  2.36682e-35  1.70234e-44  1.87048e-37  2.30142e-41  7.73594e-28  
1.30776e-20  9.38066e-12  1.10825e-22  8.91068e-18  3.80906e-64  1.75132e-23  2.04966e-32  7.69497e-33  8.76664e-21  3.04955e-25  2.00455e-28  4.06187e-34  2.0986e-45  8.61179e-37  2.28548e-38  9.55706e-30  
3.20282e-22  5.57312e-13  3.50915e-24  2.52229e-18  5.81651e-71  1.65434e-24  1.98828e-33  1.80583e-35  5.44852e-22  5.18027e-26  2.69238e-30  1.6064e-36  5.93177e-48  3.1483e-39  3.7484e-43  2.47549e-31  
1.78204e-20  2.2812e-11  2.99964e-22  6.67944e-17  9.62131e-67  2.77418e-24  7.82936e-33  2.1022e-33  4.87511e-21  2.17963e-24  1.59499e-30  9.63908e-35  4.23072e-45  5.38524e-39  3.52742e-39  1.95308e-30  
2.2239e-21  9.31871e-13  3.81726e-24  1.99927e-17  7.9145e-71  1.19306e-24  6.51147e-34  1.6725e-34  1.27489e-21  7.24606e-26  2.0553e-30  1.12554e-35  1.4946e-46  6.78414e-39  3.44619e-42  4.85725e-31  
1.74268e-19  3.00308e-11  1.89383e-22  2.81984e-16  5.99251e-65  1.19633e-22  2.07685e-32  5.55171e-34  1.02553e-20  1.31549e-23  1.6813e-28  7.66586e-35  8.18486e-45  1.17436e-39  7.71605e-38  2.18526e-28  
2.36315e-18  3.47309e-11  9.3298e-23  3.53819e-16  3.46632e-65  1.35126e-21  2.57218e-34  1.42081e-33  3.64706e-21  1.33946e-22  1.92557e-29  2.60067e-36  1.68149e-41  3.94584e-41  5.85651e-38  3.34774e-27  
1.22184e-17  1.17018e-10  4.91709e-23  4.22576e-16  2.14213e-55  1.7099e-19  9.37006e-33  3.30123e-31  6.25323e-20  1.30084e-21  6.34579e-27  3.18152e-32  1.55703e-37  4.54225e-36  1.76472e-33  9.84283e-27  
2.84547e-21  5.42052e-13  2.1826e-25  1.13427e-19  5.2752e-72  5.03663e-25  3.34317e-35  2.67955e-40  5.97115e-22  3.97864e-26  1.70861e-31  4.19493e-41  4.70776e-48  2.08048e-45  8.88041e-44  9.51472e-30  
1.21577e-19  1.49453e-11  6.89206e-23  3.18529e-17  2.75561e-68  2.29193e-26  9.84985e-35  3.80135e-35  6.37391e-21  8.48882e-26  2.17596e-32  2.98442e-36  1.62022e-46  1.033e-41  1.0975e-38  2.01762e-30  
3.48369e-21  1.40623e-12  3.37051e-24  1.03297e-18  2.03293e-68  1.0029e-24  1.07697e-33  9.4993e-36  1.39132e-21  6.67906e-26  1.48827e-30  3.06271e-36  3.84967e-47  9.7184e-40  7.51612e-41  1.41014e-30  
1.79043e-19  1.49599e-11  2.50513e-21  5.09524e-17  6.56738e-69  5.59563e-26  2.32048e-33  2.20251e-34  6.41414e-21  4.84442e-25  4.69868e-32  5.2164e-36  3.68053e-46  4.54465e-42  1.39755e-38  8.80649e-30  
4.94539e-20  3.21674e-11  3.25192e-21  6.37329e-17  3.36836e-65  1.91059e-24  9.3288e-30  9.69386e-33  1.77986e-19  6.84826e-24  1.05795e-28  1.57621e-32  3.1991e-44  7.11381e-37  5.00549e-38  2.03651e-29  
3.84456e-19  2.15664e-11  1.77931e-22  6.96098e-17  5.85915e-61  4.94179e-24  4.01663e-33  2.90119e-33  1.78364e-20  2.46355e-24  2.26601e-30  2.70448e-33  4.15091e-43  7.11909e-39  1.61459e-35  1.21767e-29  
9.51845e-20  3.00953e-12  1.96692e-23  2.99782e-17  2.01254e-68  1.03592e-24  1.57091e-30  1.12931e-36  2.31995e-20  6.53002e-24  9.38427e-30  5.67578e-34  7.83868e-48  1.24093e-40  2.45346e-38  1.01318e-28  
2.04468e-21  9.02084e-13  7.26531e-25  4.46554e-17  2.24074e-66  6.05575e-25  1.74734e-36  1.65077e-36  1.01477e-22  1.86017e-26  2.64581e-32  8.22116e-38  4.52819e-49  5.69339e-43  1.01712e-39  1.43351e-31  
1.03925e-20  6.07384e-13  1.74668e-26  1.4655e-19  1.06555e-71  4.19139e-26  2.77917e-39  1.1246e-37  8.16834e-24  7.14248e-26  3.99981e-35  1.03175e-40  6.0115e-48  1.10948e-45  1.15242e-41  6.51751e-32  
8.77109e-20  1.17241e-11  3.33809e-22  2.82448e-18  2.72466e-65  1.75522e-23  3.67636e-31  3.26465e-34  3.85613e-20  1.26789e-24  5.24066e-29  3.52055e-34  1.09186e-42  1.09271e-37  1.60851e-39  7.85412e-29  
6.6586e-20  9.60106e-12  1.19e-22  2.98317e-18  3.32992e-67  1.51926e-23  6.71053e-33  1.30793e-33  8.74291e-21  4.85151e-25  1.05583e-29  1.00376e-35  2.45813e-43  4.36062e-38  1.03549e-40  5.65844e-29  
3.81785e-21  6.52507e-12  9.22768e-24  1.02967e-18  4.04662e-72  3.83883e-25  2.0264e-35  7.7784e-36  2.32974e-22  6.93926e-26  3.96153e-32  2.30951e-39  4.48161e-48  5.57648e-42  3.41695e-43  5.94733e-31  
3.41164e-20  1.29599e-12  4.25542e-24  1.82909e-20  4.38434e-70  2.72186e-25  1.70068e-34  1.95316e-37  2.34172e-21  1.53381e-26  2.05197e-31  1.02436e-38  2.63553e-46  8.81616e-42  1.3393e-41  4.44994e-29  
3.7285e-20  1.33537e-12  8.0496e-24  4.99701e-20  2.29526e-62  2.10073e-25  9.68918e-37  4.01813e-34  4.35939e-22  2.47521e-28  2.22925e-32  2.56199e-36  3.0963e-45  5.48263e-39  1.69263e-38  1.65635e-31  
7.01691e-22  1.46849e-12  8.55689e-25  1.41029e-18  3.46984e-62  8.38194e-24  4.02971e-38  6.3963e-34  2.69538e-23  4.77744e-29  5.79749e-32  1.43841e-35  4.46476e-43  9.39905e-38  6.11785e-42  1.08692e-34  
4.63959e-22  8.60703e-13  3.98542e-22  7.87673e-18  1.97405e-55  2.31944e-25  2.84864e-35  4.98884e-30  3.39531e-22  4.21836e-30  5.85407e-31  1.33944e-29  2.36566e-45  3.69821e-33  2.16524e-35  2.77084e-35  
7.95954e-22  2.11534e-12  2.4873e-19  2.72649e-17  6.56906e-57  6.69417e-28  2.29163e-33  7.34614e-29  5.16245e-21  2.181e-30  2.80172e-31  3.08349e-30  6.18719e-48  2.40371e-34  2.49506e-34  1.29111e-34  
4.8164e-24  8.9418e-14  6.98773e-24  8.62059e-21  7.75406e-60  1.44997e-27  1.5138e-37  4.2073e-33  1.78539e-23  3.05384e-32  1.89842e-32  1.96513e-34  1.28708e-50  2.21441e-36  1.58848e-38  1.06945e-36  
5.98613e-28  3.45571e-15  4.29425e-22  4.63063e-18  1.38765e-66  2.83688e-29  8.70901e-41  9.33187e-31  9.1276e-26  8.37194e-37  3.24935e-34  9.76035e-39  1.23465e-55  4.46441e-38  1.85732e-46  1.30767e-41  
4.24162e-25  7.54318e-15  1.47474e-18  9.73672e-18  3.94934e-56  4.42757e-30  2.17244e-34  6.59103e-27  5.44087e-22  2.35409e-35  1.89294e-31  2.0102e-30  9.78706e-51  1.25153e-32  6.48428e-37  2.7256e-38  
4.46536e-24  9.47561e-14  8.15316e-20  6.0306e-17  9.19498e-57  2.2742e-28  4.72023e-37  5.6321e-28  2.95141e-23  3.08128e-34  5.33782e-33  1.19288e-31  5.70724e-51  2.17505e-34  7.64159e-37  1.52592e-38  
1.05374e-25  1.11842e-14  5.31551e-23  6.78517e-20  1.13295e-65  3.40109e-29  4.81427e-42  4.13642e-32  2.4069e-25  6.07837e-37  7.86566e-35  7.64185e-41  1.2759e-54  4.27749e-39  9.12833e-46  2.45682e-39  
1.15545e-22  3.30854e-13  1.01914e-20  2.41524e-19  2.22614e-67  6.09758e-29  3.67334e-35  3.29518e-34  4.37589e-22  1.78858e-32  8.27864e-33  2.18592e-36  1.00737e-50  2.0899e-39  1.97996e-42  1.88021e-34  
2.30002e-19  3.61962e-12  2.88351e-20  1.08869e-19  1.44904e-62  7.54056e-25  1.35598e-34  2.30785e-32  9.05019e-21  1.61031e-29  3.35398e-30  2.65255e-36  8.86138e-43  1.8226e-37  2.93414e-40  5.71152e-30  
1.51916e-17  1.91067e-11  7.0689e-19  3.10718e-20  6.1354e-57  6.04778e-22  3.21549e-27  2.38802e-31  2.98101e-17  8.23786e-24  2.44246e-24  7.92094e-33  5.20121e-39  3.75569e-34  4.33547e-34  4.39679e-24  
4.19127e-18  1.21691e-11  3.24666e-20  2.00592e-18  5.91834e-43  6.80007e-20  4.40618e-28  3.19133e-29  1.01823e-17  1.394e-24  4.16962e-22  2.64192e-28  2.11011e-39  1.76438e-30  1.5514e-27  7.55922e-26  
6.52607e-20  2.3696e-12  5.95704e-23  3.75413e-19  1.29399e-50  2.61794e-21  2.16673e-30  3.49115e-32  9.68836e-20  8.70288e-25  1.39918e-24  9.27176e-32  8.84462e-45  5.41044e-34  1.65921e-32  5.9514e-29  
1.17971e-18  2.32956e-11  2.9864e-22  9.07642e-18  4.47257e-52  1.49608e-19  1.22061e-28  2.86465e-31  1.14973e-18  3.35508e-22  1.50322e-23  1.52986e-31  5.23362e-42  2.53773e-33  2.37413e-32  9.71451e-26  
4.19115e-18  1.08502e-10  5.62855e-22  4.44894e-16  7.99492e-59  1.39931e-20  1.59504e-32  1.15235e-30  7.49587e-20  8.07423e-23  4.36765e-27  6.66016e-33  2.48985e-39  8.87416e-36  3.51219e-35  7.16728e-27  
1.86645e-19  2.53412e-11  1.02535e-20  1.67176e-17  9.29842e-58  5.68279e-21  7.55979e-29  2.81065e-30  2.42706e-18  6.43421e-24  3.42365e-24  1.31952e-33  1.75304e-42  5.11989e-33  1.26634e-36  8.77373e-26  
6.45278e-20  3.07516e-13  1.06176e-22  3.45678e-18  2.20994e-70  5.98683e-22  7.60401e-29  1.36578e-33  5.32811e-19  4.94578e-23  5.55159e-25  2.01624e-36  1.14218e-44  8.03395e-37  2.3248e-42  1.20263e-24  
1.66061e-18  8.9269e-11  3.24184e-19  1.02757e-15  4.34428e-56  5.56063e-21  3.12002e-27  3.13853e-28  3.20184e-17  5.89257e-23  2.65111e-23  2.12502e-29  8.89559e-39  3.30513e-31  8.62812e-34  1.44805e-25  
4.51908e-19  1.91621e-11  3.0127e-20  1.00038e-17  6.96552e-64  5.9357e-21  9.09661e-28  1.01709e-30  3.98943e-18  7.33303e-23  1.50903e-23  1.74669e-34  4.91073e-42  5.43362e-34  2.51809e-39  1.58466e-24  
5.10145e-19  1.07797e-11  7.31071e-23  1.3472e-19  2.77374e-54  3.88943e-19  1.0587e-27  8.75263e-30  7.32404e-18  2.04697e-21  3.94577e-21  1.69213e-32  1.9122e-41  1.82237e-30  7.55466e-34  1.32254e-24  
2.09423e-18  1.23849e-11  5.89038e-24  6.6802e-19  2.10281e-53  2.54311e-17  4.73762e-28  8.91276e-30  7.53518e-19  3.7555e-19  1.13948e-20  6.36707e-32  8.35309e-41  2.12901e-31  8.22878e-33  7.62794e-24  
4.57707e-18  1.5045e-11  2.52782e-23  9.05937e-19  6.21298e-55  9.98335e-18  2.09264e-27  2.35487e-28  1.85922e-18  4.25538e-18  1.33664e-21  3.60041e-30  1.58188e-38  4.50066e-30  4.64236e-32  8.6387e-24  
6.90356e-17  1.97032e-11  6.75214e-23  1.18469e-18  3.9305e-55  1.3203e-16  2.02499e-28  6.84598e-29  1.0614e-18  2.33874e-17  7.23041e-22  1.39986e-31  3.83411e-35  1.5657e-32  2.68347e-32  2.63026e-22  
2.39664e-16  1.4599e-10  1.44746e-20  1.96372e-16  8.66009e-62  9.61454e-20  2.62701e-27  1.62047e-31  5.1437e-18  5.18999e-18  1.08039e-25  4.5146e-32  2.59863e-37  3.98424e-37  1.09186e-33  5.34896e-22  
1.05062e-16  1.52501e-10  1.22978e-20  1.01343e-16  4.24934e-70  4.59367e-23  1.28549e-27  1.1425e-33  1.91357e-18  2.53314e-19  2.54906e-28  1.47373e-32  5.51279e-41  1.04085e-39  3.667e-36  4.72483e-24  
1.72181e-16  3.23502e-10  5.61617e-20  2.00142e-16  8.22227e-66  1.71438e-22  6.49853e-30  1.74122e-32  6.84433e-19  3.05897e-21  1.45714e-28  1.16423e-32  8.0221e-39  5.50878e-39  2.1774e-35  3.79097e-25  
3.74074e-19  1.01705e-10  5.74762e-21  1.61741e-16  3.09965e-69  1.11307e-23  1.55662e-30  3.71885e-33  7.04823e-20  2.97868e-23  1.36946e-28  1.98288e-34  4.24166e-44  1.08306e-38  1.42025e-39  5.05869e-28  
4.95283e-20  7.45405e-12  1.87633e-23  3.06965e-17  3.93139e-74  5.84016e-25  4.62632e-36  6.79987e-38  4.11945e-22  9.58195e-25  8.38306e-33  6.14007e-40  1.09572e-45  5.2056e-46  1.83831e-42  2.0522e-29  
2.68998e-20  2.37639e-11  3.46402e-20  2.17049e-17  5.81282e-70  4.78052e-25  1.81669e-29  7.25109e-34  1.4841e-19  3.29761e-24  7.41962e-29  3.92492e-35  3.77136e-46  3.64086e-39  6.59744e-40  5.61001e-28  
4.1985e-19  1.86211e-11  1.02243e-20  2.286e-19  3.35175e-66  7.78898e-26  2.06271e-29  1.54196e-34  1.25505e-18  6.26089e-25  4.6713e-29  5.70234e-34  2.56329e-43  2.56992e-38  7.38667e-38  1.09715e-27  
9.4155e-20  1.23118e-11  1.75818e-22  9.18296e-18  1.93652e-65  4.90577e-24  2.09346e-32  2.17181e-34  5.92849e-21  1.45695e-24  9.95712e-30  5.79383e-35  7.61974e-47  1.37718e-39  1.27363e-37  5.55647e-29  
3.44568e-20  9.19106e-12  3.86919e-21  6.26163e-18  2.15779e-74  8.68867e-26  2.98172e-32  1.64968e-34  1.50942e-20  1.71927e-25  1.03122e-29  1.03244e-37  6.50617e-48  5.82294e-41  9.45646e-42  9.76973e-29  
7.15082e-20  2.17819e-11  6.78378e-20  2.20157e-17  2.97739e-65  1.74087e-25  9.56533e-30  7.55977e-33  1.97869e-19  3.1231e-25  8.94726e-29  3.15863e-34  1.27045e-47  3.55691e-38  2.08264e-37  1.15524e-28  
7.68938e-20  1.64569e-11  1.26616e-20  5.02628e-18  3.32327e-59  2.65934e-24  9.04743e-30  1.20511e-31  4.54222e-19  5.43489e-25  3.58445e-28  6.1995e-32  2.02101e-43  3.08312e-35  3.04035e-35  7.65527e-29  
1.47038e-19  2.18276e-11  5.6382e-20  1.42072e-16  5.56931e-69  9.72536e-26  1.70122e-31  2.52916e-34  2.29184e-20  9.99985e-26  1.59172e-30  1.06418e-34  1.40026e-46  7.43618e-41  5.33054e-39  2.33935e-29  
9.07281e-27  1.77588e-15  7.29035e-20  8.80431e-18  1.35991e-58  1.45512e-30  3.10454e-35  1.76415e-29  1.84195e-22  1.48387e-36  1.17649e-31  1.48892e-31  6.88593e-51  7.47679e-34  1.70006e-40  7.99405e-40  
5.37356e-27  1.22165e-15  2.18621e-23  5.87819e-21  3.27395e-74  2.38746e-35  3.31765e-39  6.97213e-38  1.52658e-24  4.77425e-38  2.87947e-38  4.55068e-40  9.37582e-63  2.00281e-43  3.69741e-46  1.13443e-40  
1.08619e-28  1.16413e-16  6.90004e-20  5.33677e-18  6.79568e-71  4.54804e-33  4.11019e-36  2.80053e-31  8.08097e-24  2.00172e-37  2.95817e-34  6.00888e-38  6.4091e-59  5.23992e-39  1.98305e-46  2.559e-40  
2.57286e-28  1.28795e-16  1.51611e-20  1.21893e-19  1.45036e-66  3.84559e-33  2.66452e-37  4.77098e-32  2.74037e-24  1.28979e-38  5.823e-35  1.26944e-37  2.82487e-60  1.27953e-38  3.81906e-44  1.05448e-40  
1.52375e-27  8.30582e-17  9.12689e-21  1.08337e-20  8.46956e-68  6.32383e-33  5.27207e-34  4.68661e-34  4.70244e-22  1.19824e-36  1.58761e-32  4.27593e-37  7.52419e-56  1.14907e-38  1.34517e-44  2.25141e-37  
1.69803e-24  1.09848e-13  5.5158e-20  5.40041e-18  6.91908e-66  4.37282e-29  1.46626e-34  7.28778e-32  8.2355e-22  1.1259e-33  2.92515e-31  4.64836e-36  1.54834e-50  3.35545e-37  5.16752e-44  6.30299e-36  
2.60051e-21  9.06093e-13  1.06109e-19  9.51516e-19  5.75394e-70  1.0263e-28  7.11493e-35  8.81348e-33  9.47123e-22  1.87297e-30  1.43021e-33  2.10781e-36  4.85306e-48  3.83934e-40  1.85501e-41  3.8146e-33  
