1.53738e-30  7.51041e-32  1.2944e-26  3.79797e-35  1.8362e-26  1.22253e-24  2.67068e-55  2.25552e-53  8.28447e-43  1.60881e-38  2.80367e-45  1.05854e-23  6.3441e-39  1.72878e-30  5.63999e-27  2.3954e-12  
1.01825e-28  9.61083e-34  5.66517e-28  5.00101e-31  1.67273e-24  3.7333e-30  6.84668e-52  1.29762e-50  1.791e-44  5.5972e-35  1.2083e-40  8.10627e-27  1.42125e-43  1.43572e-31  1.54099e-27  1.20127e-13  
2.22162e-28  1.4487e-30  5.33211e-26  4.26618e-29  4.5257e-22  9.99075e-28  7.76287e-49  9.23657e-45  1.55366e-39  3.4867e-32  2.25033e-39  1.64263e-24  1.04885e-38  1.21341e-30  2.17368e-25  8.34233e-13  
4.35547e-26  8.18007e-26  2.75549e-22  1.84224e-34  4.29758e-25  1.01696e-19  9.9042e-49  5.66502e-46  1.46235e-41  2.93866e-34  1.45712e-41  5.05767e-20  1.50857e-27  5.40395e-23  4.80534e-22  4.38763e-11  
3.13595e-24  7.07686e-23  3.61507e-20  1.63008e-29  4.63767e-21  4.34729e-18  1.25385e-38  2.48362e-42  4.46958e-36  1.41965e-27  8.50569e-34  3.34822e-18  2.57001e-25  1.37973e-20  1.7949e-20  7.68855e-10  
5.54112e-25  7.22617e-25  3.47375e-20  8.84997e-30  5.96165e-22  1.55807e-19  1.86684e-47  2.51897e-46  1.35821e-38  1.76788e-31  1.64785e-38  3.55109e-19  1.57295e-27  1.50124e-23  4.51141e-20  1.84971e-10  
1.77072e-29  7.9303e-28  2.39878e-22  2.24769e-36  1.52281e-26  6.49274e-19  1.77811e-59  3.44342e-46  3.67441e-41  2.10615e-37  2.12409e-46  2.25218e-22  4.91154e-32  9.288e-26  1.72915e-21  5.82194e-11  
1.42243e-29  7.7899e-29  1.14608e-22  1.47436e-37  8.98205e-27  1.12186e-16  1.32744e-60  1.5744e-40  2.36828e-37  1.04073e-36  3.22009e-45  6.61692e-21  1.28355e-29  3.12113e-23  1.12151e-20  1.50491e-10  
8.47746e-32  1.69825e-29  1.89054e-22  6.49358e-39  2.78066e-26  1.04361e-15  1.35875e-59  1.29054e-40  7.16922e-42  3.78648e-36  1.13185e-45  9.37062e-21  1.03193e-30  4.08533e-24  1.52077e-20  1.47516e-10  
1.83544e-28  2.16717e-29  4.35688e-21  5.41797e-34  2.6071e-24  4.13061e-15  7.36955e-51  8.25301e-37  3.94963e-35  2.63469e-31  9.30765e-41  2.41635e-20  1.74258e-28  9.13897e-23  3.31316e-20  3.61639e-10  
2.64393e-27  1.44552e-28  6.96892e-21  2.27048e-35  1.33379e-25  9.60041e-17  2.20379e-58  2.28282e-36  3.07503e-34  1.72745e-35  4.08018e-47  1.37443e-20  8.13336e-27  1.13198e-24  7.64887e-20  3.18111e-11  
3.62562e-28  7.26299e-29  8.51421e-22  1.68289e-34  1.03463e-25  2.78491e-16  2.3933e-50  9.88043e-34  4.43296e-37  7.09264e-32  2.22576e-44  9.81796e-21  1.43465e-26  1.70303e-25  4.27908e-19  5.17339e-11  
7.54529e-28  6.3736e-30  4.49609e-24  3.7254e-33  4.76471e-24  7.15353e-17  5.12544e-41  2.94862e-34  2.27487e-36  2.32095e-27  3.46873e-32  8.83414e-21  3.39951e-28  2.08362e-19  2.19485e-20  3.96778e-10  
2.21932e-28  2.88562e-30  3.30586e-26  4.21662e-34  9.52171e-26  1.28233e-19  5.09885e-40  2.33545e-37  6.43237e-42  7.72267e-29  3.63311e-33  3.6786e-21  3.40574e-28  9.84883e-21  4.40852e-19  4.24275e-11  
2.24032e-29  3.57747e-34  1.35329e-27  1.78935e-33  5.61507e-25  6.67941e-23  1.5909e-43  7.08209e-38  2.95012e-42  4.80226e-28  1.77002e-31  6.31224e-25  9.32976e-33  1.39325e-20  3.16366e-23  8.76449e-12  
2.17341e-31  4.93969e-32  2.32616e-28  1.37514e-33  3.25745e-24  1.9393e-21  1.27416e-37  4.75759e-43  1.24692e-44  1.05194e-27  9.1221e-29  5.83737e-24  4.62454e-32  3.00885e-19  2.53278e-23  5.91744e-11  
9.54085e-32  2.30573e-34  1.14562e-28  5.73824e-37  1.39079e-26  5.84873e-22  2.72962e-47  8.73969e-44  2.18707e-44  2.59557e-32  9.36319e-35  1.98736e-24  1.21105e-33  6.12755e-21  5.45133e-25  1.30011e-11  
7.02968e-32  1.26819e-33  7.60174e-28  1.9919e-35  7.28246e-25  3.72974e-23  2.95691e-48  1.60535e-43  2.83985e-44  1.49889e-30  2.26922e-34  3.09789e-24  2.58668e-33  1.23214e-21  5.12716e-24  1.01952e-11  
8.91201e-31  4.07253e-32  1.72029e-28  1.00044e-31  6.1154e-23  8.4597e-25  1.0005e-38  1.59079e-42  1.16378e-44  5.05958e-26  7.2196e-28  2.98139e-25  9.02301e-33  1.18815e-19  4.76068e-24  1.73767e-11  
4.55671e-33  3.90873e-34  4.83424e-30  3.60002e-35  9.09715e-26  6.2755e-23  2.32592e-41  3.69059e-45  8.51871e-49  1.84045e-30  4.55919e-33  2.48614e-26  7.45511e-34  7.05068e-22  4.9272e-25  9.11413e-12  
2.22646e-31  4.42921e-35  2.9944e-28  2.74678e-36  3.02508e-26  3.20185e-22  1.13595e-46  2.57858e-45  9.9981e-48  6.23141e-32  1.38414e-34  9.49689e-25  2.29158e-34  2.74794e-21  4.7722e-25  1.03627e-11  
3.94878e-32  6.69393e-35  1.02884e-29  3.94588e-37  1.1964e-27  2.03808e-24  1.01096e-46  1.60932e-46  5.84615e-51  4.82009e-33  4.18228e-36  1.69722e-25  1.41953e-34  1.8953e-22  3.62541e-24  2.37854e-12  
3.4398e-33  1.20179e-35  2.27135e-28  6.13553e-36  6.28526e-25  5.74978e-20  1.31683e-43  1.50752e-46  3.64705e-44  4.08446e-30  6.55026e-31  5.90014e-24  5.87486e-33  2.45207e-19  1.8845e-24  4.03247e-11  
4.54906e-36  2.49682e-36  7.51733e-31  8.72205e-40  5.19257e-28  5.33506e-20  4.69614e-46  7.56524e-49  4.51039e-51  1.81136e-33  4.43408e-36  1.50811e-25  3.177e-35  9.89592e-22  1.49249e-24  1.39074e-11  
2.42328e-33  1.11803e-34  3.73248e-28  3.64288e-38  6.76186e-27  3.02011e-19  4.0801e-49  1.99551e-45  5.59629e-45  9.35492e-33  2.29774e-36  5.41294e-24  1.08006e-34  1.28548e-21  8.99572e-24  4.78415e-11  
2.44652e-34  1.60714e-33  2.28372e-29  2.7097e-39  1.03686e-27  4.10756e-20  1.26658e-46  6.87899e-48  2.07822e-49  4.70375e-33  2.20753e-36  1.14722e-23  2.30185e-34  1.85334e-21  3.07415e-23  2.75177e-11  
1.02043e-26  3.48447e-27  5.55116e-21  8.73674e-32  3.82372e-23  3.01947e-19  1.36797e-50  7.84202e-44  1.69497e-35  3.82539e-33  5.48884e-41  1.87747e-18  1.11694e-32  4.01064e-27  7.57109e-22  1.61463e-10  
1.00896e-26  3.19129e-28  3.3206e-22  4.93994e-34  4.46234e-25  2.492e-22  2.18813e-57  2.78781e-44  7.79111e-36  2.17808e-36  2.20635e-44  4.88251e-21  5.62533e-34  1.44339e-27  7.36483e-24  1.63978e-11  
1.53513e-26  6.94782e-29  3.37075e-23  1.3311e-31  2.0913e-25  3.12542e-22  3.1992e-51  1.85283e-46  2.35573e-40  3.06789e-34  1.04868e-40  1.07193e-20  9.3434e-35  1.19328e-27  1.05025e-20  3.7698e-11  
2.21076e-25  2.61566e-28  8.99485e-23  2.17887e-29  4.51906e-25  7.00362e-22  1.31422e-49  1.25952e-46  1.76005e-37  1.27489e-33  8.61961e-40  8.58984e-21  9.86342e-35  1.38092e-27  6.4947e-20  4.1769e-11  
4.15962e-23  4.84003e-26  2.05181e-20  1.46301e-27  2.00281e-24  2.50194e-19  2.9733e-46  9.70226e-44  1.49345e-33  3.89749e-32  6.43209e-39  1.1334e-18  7.08957e-31  3.98008e-26  1.06106e-18  1.6744e-10  
9.14326e-25  2.41183e-26  5.87001e-22  4.99287e-30  5.61396e-26  3.85658e-20  4.07659e-48  2.12944e-49  2.26344e-37  2.1879e-34  1.57065e-40  1.43098e-20  9.20099e-33  4.08741e-26  9.6513e-20  9.64414e-11  
3.72588e-26  1.99884e-27  1.68767e-22  4.34046e-31  2.68084e-24  9.73463e-20  1.68803e-49  1.94799e-46  3.88265e-38  4.20015e-32  2.06398e-37  2.04213e-21  4.94062e-30  2.771e-22  1.07728e-20  2.17367e-10  
2.0227e-29  8.24348e-30  1.7447e-24  2.63897e-33  6.61893e-24  2.47225e-20  1.80146e-48  5.30127e-49  5.61692e-41  1.95274e-32  1.92889e-36  3.38666e-21  1.46018e-30  1.73224e-21  1.27186e-24  9.12692e-11  
9.92975e-27  3.58511e-27  1.93117e-23  2.7739e-27  2.2936e-19  2.89008e-20  4.69391e-33  3.69123e-41  9.46607e-39  6.00455e-25  4.6922e-28  3.29935e-20  2.10681e-27  1.98904e-20  7.84982e-22  3.13155e-10  
2.11268e-24  4.63236e-28  1.70237e-21  1.5968e-27  2.56779e-20  1.12643e-22  1.30507e-43  1.48941e-42  1.12272e-37  2.0674e-29  1.06971e-34  6.46151e-21  1.06227e-28  3.19572e-23  7.7296e-23  2.68625e-11  
3.07021e-31  3.69995e-31  3.97416e-26  1.47624e-31  4.46567e-22  2.85439e-22  1.59161e-44  1.94983e-52  1.1535e-46  1.74217e-30  2.8231e-35  9.22633e-23  5.91499e-33  7.0034e-24  7.82074e-25  3.57731e-11  
5.42661e-33  4.38236e-33  4.59677e-25  4.92536e-39  5.252e-28  1.64512e-20  1.16311e-67  3.33976e-55  1.53673e-47  1.93147e-42  5.90808e-51  2.70174e-24  1.71006e-36  5.5869e-29  7.5436e-25  5.80905e-12  
4.91892e-37  7.38745e-36  9.57648e-28  3.3419e-42  6.59038e-30  1.11879e-20  1.18468e-68  4.31542e-54  9.314e-53  6.7173e-43  2.03227e-51  2.20824e-26  9.84696e-39  6.76199e-29  1.50791e-25  2.68532e-12  
1.64943e-41  3.10943e-40  8.1916e-31  7.77553e-44  6.01111e-30  3.80065e-22  8.45392e-70  3.33475e-55  4.92148e-53  4.21508e-42  2.64208e-50  3.44199e-30  4.25629e-42  1.5776e-28  9.8853e-30  4.0311e-13  
4.74476e-37  7.90822e-35  2.82301e-27  2.04638e-40  2.57792e-27  4.60568e-20  4.06752e-63  2.49665e-51  6.68395e-47  6.45246e-39  3.28251e-48  1.20195e-26  4.06684e-37  1.01275e-27  3.05077e-27  4.95705e-12  
3.64038e-31  2.93387e-31  6.18408e-23  8.26787e-37  1.41186e-25  1.91462e-18  5.421e-62  4.48446e-45  2.55465e-40  1.31138e-37  1.18836e-47  1.00587e-22  6.67832e-33  4.06126e-27  3.22038e-23  2.17396e-11  
6.80902e-31  4.07035e-33  2.58516e-25  1.04828e-41  3.03631e-30  3.13891e-22  4.30085e-66  1.61184e-44  1.10894e-44  4.36579e-42  4.19267e-54  1.22471e-25  1.39762e-32  1.61921e-28  9.31842e-25  4.24905e-13  
1.46654e-26  6.75155e-28  4.31939e-25  1.3456e-33  2.02047e-28  3.80279e-21  1.02084e-46  4.25621e-50  7.23085e-42  1.9837e-36  5.26955e-42  7.0034e-22  1.13456e-33  7.91363e-27  8.2258e-21  3.35152e-11  
6.62802e-26  7.01129e-28  7.24257e-23  2.31975e-34  9.31622e-27  1.61952e-21  3.27449e-53  6.57799e-46  3.72884e-40  3.8423e-36  3.71507e-43  2.27583e-21  5.35191e-31  1.73127e-25  3.53815e-21  2.66534e-11  
1.11994e-31  2.43888e-30  8.04266e-23  9.05052e-39  4.01211e-27  4.09856e-18  2.20784e-65  6.42087e-43  3.52924e-42  1.04496e-39  6.92791e-51  2.92921e-22  4.07327e-32  5.78692e-28  8.76056e-22  1.90382e-11  
5.24035e-32  1.15128e-31  8.20141e-23  4.05005e-38  8.56234e-27  2.21155e-17  1.96903e-63  5.29956e-45  4.52414e-42  7.06288e-39  1.53207e-50  1.07563e-22  2.72646e-32  6.94129e-28  7.02802e-23  1.72781e-11  
3.12035e-31  8.1733e-32  1.09761e-22  1.94398e-38  1.06264e-26  2.19308e-19  6.14149e-67  1.03769e-40  1.13889e-40  7.41897e-40  1.64045e-52  5.59472e-23  8.08838e-33  1.44014e-29  3.29892e-23  4.03793e-12  
1.41695e-31  1.01965e-32  1.19484e-23  4.64068e-38  1.77965e-26  7.77999e-19  4.7925e-61  1.23211e-43  4.52085e-43  2.04135e-37  6.77077e-49  2.0297e-23  1.81869e-32  6.6835e-28  8.12123e-24  7.05329e-12  
8.85618e-30  5.59434e-30  5.4703e-23  3.9855e-37  1.05053e-26  3.81454e-18  2.024e-56  1.6571e-39  4.21573e-37  6.74523e-36  9.57256e-47  1.91273e-22  5.7988e-32  3.41881e-26  2.78769e-23  3.22459e-11  
3.33827e-27  9.8623e-29  1.78647e-23  1.13353e-31  2.01543e-23  6.35622e-20  2.04209e-41  8.22413e-42  1.98153e-42  1.0987e-29  4.22521e-35  2.57946e-20  5.86774e-30  3.05653e-23  1.86551e-20  1.27854e-10  
3.76635e-30  1.69525e-31  5.21971e-24  2.42003e-35  4.82432e-25  1.02408e-16  7.17856e-47  1.26525e-48  4.28548e-45  4.04196e-33  1.81309e-38  7.85123e-21  1.80802e-31  1.43521e-22  3.94391e-23  2.13355e-10  
1.94123e-30  2.20992e-31  6.05063e-24  3.50491e-36  1.15766e-25  3.51426e-19  2.33619e-55  5.47894e-46  5.04221e-44  5.02623e-36  3.1119e-44  9.48906e-22  1.00644e-32  1.45114e-26  1.3877e-22  3.7074e-11  
5.13741e-27  1.90725e-33  3.83471e-26  6.78681e-31  4.17792e-25  6.76214e-27  3.50538e-49  5.32227e-52  2.23747e-45  2.65206e-35  4.17602e-41  1.33421e-23  3.64207e-40  2.24406e-31  2.56073e-24  5.29001e-13  
1.78942e-29  6.94721e-33  6.39587e-26  9.12716e-31  5.37257e-22  4.39756e-28  8.05597e-54  9.82904e-51  9.94476e-43  1.56613e-34  1.19109e-41  7.10715e-25  8.61206e-38  7.09969e-30  1.60064e-27  1.39345e-13  
5.34712e-34  1.70612e-36  2.59269e-28  1.69323e-39  1.17351e-28  6.26113e-27  7.55121e-68  1.46026e-59  8.92787e-49  5.53359e-45  4.56064e-55  3.28316e-28  4.54127e-42  4.0085e-34  1.83547e-31  2.37156e-14  
2.46301e-32  3.02314e-36  2.77684e-29  2.91244e-34  5.76631e-26  9.8729e-29  2.40924e-55  1.97419e-63  1.3139e-50  3.9732e-39  4.8101e-45  9.80198e-27  4.46165e-43  3.29769e-32  2.57624e-30  7.97388e-14  
9.00931e-34  3.00016e-38  3.10502e-30  1.91949e-35  4.16919e-26  1.92852e-27  1.05984e-53  2.17891e-64  2.82039e-50  1.32939e-38  2.88264e-43  1.2392e-26  1.66211e-44  2.56243e-31  6.16702e-32  8.85729e-14  
2.4271e-30  1.37491e-33  6.2745e-29  1.2587e-31  1.50052e-24  1.49981e-29  1.12643e-49  3.60807e-57  2.98165e-46  2.14598e-34  4.27576e-38  3.99197e-26  3.50853e-41  1.35532e-28  5.05627e-28  3.95377e-13  
1.3365e-33  1.3559e-37  8.01651e-28  5.28534e-39  1.8019e-28  7.74196e-26  1.23978e-66  2.33556e-58  5.91515e-51  4.70759e-43  3.50061e-51  2.49798e-25  1.00134e-45  1.14241e-34  2.55152e-28  1.57007e-13  
8.46887e-32  1.75271e-36  1.76139e-28  3.35891e-34  1.41992e-27  5.09578e-25  9.47367e-55  7.17036e-60  4.00248e-50  8.61131e-39  2.23697e-43  8.33404e-24  5.83937e-43  1.42249e-31  2.78448e-26  1.29333e-12  
6.3259e-31  5.59648e-35  4.01681e-29  4.55223e-32  3.68996e-26  2.53623e-26  8.04767e-47  8.40906e-60  2.13504e-51  9.85906e-35  1.84969e-37  9.58477e-24  3.60769e-40  2.17323e-28  1.40323e-24  2.07289e-12  
6.53051e-29  5.02253e-33  2.00446e-27  1.52225e-29  3.28984e-24  1.68221e-25  7.20961e-46  4.31705e-54  7.434e-45  1.69997e-32  3.53513e-35  6.39201e-24  2.01171e-37  4.01421e-26  2.61715e-24  5.69717e-12  
8.09657e-28  3.75548e-32  4.86537e-27  1.33204e-29  1.01111e-25  2.95149e-25  1.08006e-46  5.35689e-56  1.47849e-44  2.12505e-34  2.2853e-37  2.18344e-23  1.54533e-37  2.05673e-27  3.88409e-24  5.76721e-12  
4.92546e-30  1.78633e-34  1.24904e-27  2.87774e-33  1.17998e-27  5.14941e-24  4.50473e-53  8.15494e-56  1.9683e-48  6.20828e-37  8.11408e-41  8.06803e-24  5.8821e-39  4.35683e-28  1.252e-23  5.97161e-12  
1.81726e-27  4.45326e-28  1.93708e-23  4.40638e-31  8.20808e-24  8.07367e-21  6.18055e-47  9.52515e-46  2.04459e-39  8.48004e-32  4.88344e-37  8.77567e-21  5.56764e-33  9.6796e-25  1.72616e-21  1.67632e-10  
1.06318e-29  7.74879e-30  4.24619e-24  2.32898e-34  5.02249e-26  8.48751e-20  4.88272e-53  2.65421e-51  3.61872e-44  4.04067e-36  3.55755e-42  1.45173e-20  2.96742e-34  1.09736e-26  1.24133e-21  8.07399e-11  
5.67864e-29  7.17736e-29  4.45832e-23  2.5085e-35  1.51582e-25  5.60979e-18  2.72552e-54  6.23332e-44  1.97085e-38  6.85182e-35  1.97734e-41  1.01083e-20  3.38256e-31  1.42509e-23  1.1221e-21  2.24124e-10  
3.89862e-30  2.30445e-30  2.64223e-24  8.42837e-36  4.28801e-25  3.51087e-19  2.40313e-54  1.34172e-45  1.68806e-40  4.57087e-35  4.84224e-42  6.9978e-23  3.00341e-31  1.37911e-23  2.80796e-24  6.32808e-11  
3.42181e-28  2.56197e-28  2.21468e-22  1.22602e-32  1.88698e-22  1.9931e-20  4.41461e-51  1.21978e-46  2.10361e-38  3.41416e-33  9.0588e-41  2.24785e-20  5.36126e-31  3.52114e-25  1.36209e-24  5.53173e-11  
2.39258e-28  3.69297e-29  1.23756e-23  3.97079e-31  3.18813e-22  3.41791e-21  6.26843e-47  2.24363e-47  8.75051e-41  8.94545e-32  4.83404e-37  7.00958e-22  2.04044e-31  1.03484e-23  1.91977e-24  6.60525e-11  
2.61288e-27  7.37171e-29  5.10561e-23  2.36872e-30  2.76002e-22  8.42904e-23  1.52383e-49  1.63078e-49  2.2397e-41  1.88366e-33  1.02924e-39  5.40157e-22  4.54422e-32  7.85705e-26  2.19264e-24  1.64956e-11  
2.57298e-28  2.92254e-29  5.42894e-26  3.6708e-29  1.16685e-21  1.12036e-26  4.73648e-42  1.65692e-53  1.43274e-43  2.87095e-29  9.86308e-33  2.30103e-23  7.26259e-33  4.4894e-23  9.56117e-26  8.06201e-12  
2.76654e-28  2.27807e-28  8.11797e-23  5.46761e-33  4.99866e-24  6.64935e-21  7.26333e-55  1.00506e-49  1.93972e-40  1.63445e-35  1.35283e-42  1.73695e-22  3.75447e-32  2.14751e-25  1.07629e-23  3.98021e-11  
5.06289e-38  5.82024e-37  7.75823e-29  1.8345e-40  1.34009e-27  1.50074e-18  7.86312e-57  1.58944e-58  3.7148e-55  3.32586e-38  3.17743e-42  2.53793e-24  3.95602e-37  6.86476e-25  1.43906e-24  1.60174e-11  
1.46996e-31  8.51614e-33  9.4104e-24  4.00853e-35  6.64565e-25  5.70265e-18  9.61482e-56  3.45215e-49  1.85756e-45  8.17401e-36  9.73502e-44  7.93863e-22  1.26136e-33  5.87667e-27  2.52824e-22  4.62937e-11  
4.49084e-31  5.5548e-33  9.94356e-25  3.03727e-34  2.77874e-24  4.19091e-21  4.47308e-56  1.24864e-47  1.74118e-43  3.67832e-35  8.48089e-42  6.98405e-24  5.52037e-35  5.10382e-26  1.30781e-24  1.54028e-11  
2.57974e-28  2.76089e-31  2.06779e-23  1.78012e-33  9.06606e-25  5.46486e-22  4.44173e-54  5.01596e-48  2.05822e-43  4.12375e-36  1.32438e-44  1.26646e-23  6.49073e-33  1.3243e-27  2.24245e-24  5.62508e-12  
2.27668e-30  5.63144e-32  2.50335e-25  7.1714e-35  3.34027e-25  1.96206e-22  1.0939e-54  2.82502e-49  5.19554e-44  9.14062e-36  8.59696e-42  1.30985e-23  2.3093e-35  2.30618e-26  1.0606e-24  1.30943e-11  
7.40944e-31  4.54263e-33  3.29812e-26  9.26169e-37  3.73179e-26  1.24392e-23  2.38104e-57  4.44811e-49  6.28153e-45  1.12038e-37  5.87283e-45  1.14564e-25  6.01224e-35  7.49004e-27  3.41254e-27  2.06724e-12  
1.90916e-30  1.30067e-32  3.29407e-26  1.82591e-33  6.07465e-24  1.62322e-21  2.31693e-46  1.25347e-48  3.4901e-44  4.82175e-32  3.03059e-36  6.78337e-24  2.02748e-34  9.26344e-24  2.56392e-25  2.96123e-11  
7.51925e-31  6.18796e-32  9.80606e-26  1.47759e-36  3.51978e-25  1.43475e-23  1.34836e-55  3.22294e-49  4.50109e-45  3.10903e-36  3.03415e-43  8.36498e-25  1.81887e-33  6.21445e-26  3.21959e-26  2.66298e-12  
1.92706e-31  9.08287e-33  6.22116e-26  5.06037e-35  1.08868e-24  2.02406e-20  2.67951e-49  5.0809e-48  1.24772e-43  4.30029e-33  9.54981e-37  5.63176e-22  6.52331e-34  3.14357e-23  3.33521e-24  5.32201e-11  
2.50344e-32  1.91735e-32  1.93265e-25  2.75763e-35  7.9054e-24  2.20659e-18  1.25143e-46  1.66553e-47  7.71924e-45  5.31955e-32  1.80772e-36  5.66005e-21  2.08805e-33  2.66456e-23  6.01481e-24  1.25197e-10  
1.10527e-30  8.8712e-30  3.24509e-24  1.70026e-35  2.4847e-24  2.99775e-17  5.08348e-48  4.36543e-45  1.21405e-40  2.02401e-32  2.53523e-38  1.31623e-20  1.79823e-31  6.31349e-23  6.74026e-23  3.33632e-10  
2.31636e-32  1.25004e-34  7.33432e-28  1.49233e-38  2.82332e-29  4.9142e-21  1.99839e-54  4.88102e-56  5.55385e-51  7.51767e-40  1.78432e-44  1.90225e-23  2.88807e-37  5.57281e-27  1.67532e-25  7.61918e-12  
6.32176e-32  9.72846e-34  1.39018e-27  8.57051e-35  2.35991e-25  5.25007e-22  1.52973e-46  6.95661e-56  9.89463e-49  1.44664e-33  6.18915e-37  5.16661e-23  1.11627e-35  9.09742e-25  3.97014e-24  1.5651e-11  
6.9584e-31  2.29413e-33  2.87668e-26  6.84609e-37  6.44246e-27  6.31371e-23  1.18572e-56  6.12089e-51  1.73772e-46  6.08183e-38  1.48929e-44  1.82552e-24  1.41412e-36  1.61582e-27  1.12718e-25  4.35577e-12  
1.99084e-30  9.51696e-34  7.62659e-27  4.12019e-32  1.3188e-23  2.36352e-22  1.90965e-42  1.50729e-50  5.63918e-47  8.46109e-31  1.42825e-33  2.97865e-22  5.53495e-36  1.32417e-24  4.50891e-24  2.21779e-11  
3.213e-27  1.6519e-30  2.03444e-24  2.73687e-31  2.4344e-23  3.51472e-22  8.05367e-45  6.44793e-46  4.87378e-41  4.72772e-31  2.84787e-35  8.39179e-23  1.0902e-32  1.83559e-23  1.67367e-23  3.34565e-11  
5.44722e-30  6.50621e-32  3.62126e-26  1.11142e-33  1.55714e-24  3.15115e-21  1.66804e-44  5.21311e-48  3.05376e-44  1.52692e-31  3.19158e-35  2.86724e-22  6.92e-35  6.71583e-24  1.29961e-23  4.66893e-11  
3.62405e-29  1.61021e-33  4.04084e-26  3.77885e-36  9.02888e-27  1.02616e-22  3.62548e-54  1.59837e-46  4.23734e-44  5.68821e-36  1.18164e-41  1.42932e-22  7.00718e-34  2.59284e-25  4.46249e-24  5.28221e-12  
3.6392e-34  5.38365e-35  2.72349e-29  3.90659e-38  5.92836e-27  4.10264e-23  1.66471e-51  4.54645e-53  6.56894e-50  2.70349e-35  6.18181e-39  1.27585e-24  5.66849e-37  3.28078e-24  1.34879e-26  6.45122e-12  
5.50374e-37  9.52528e-39  1.20933e-29  4.22582e-41  4.84941e-29  1.00198e-20  2.82131e-57  3.7544e-60  6.42621e-56  1.11044e-39  3.96901e-45  3.01591e-25  3.50266e-42  1.37173e-28  1.17491e-26  3.24561e-12  
2.72524e-27  1.00684e-30  8.34555e-24  3.77974e-33  7.75455e-25  3.49719e-21  9.46453e-50  1.71955e-45  3.12167e-40  9.81813e-35  1.36122e-41  2.5721e-22  2.05989e-33  1.72851e-26  1.46553e-24  1.82523e-11  
1.05503e-28  4.56154e-31  6.18076e-24  6.16105e-34  1.38591e-24  2.25496e-21  8.39753e-52  1.39849e-48  9.76182e-43  3.47717e-35  1.04591e-42  1.2173e-22  4.35226e-34  4.11567e-27  5.21994e-25  1.55064e-11  
1.23018e-32  2.7082e-35  5.57375e-27  2.21782e-36  2.76008e-26  2.87128e-21  3.62979e-54  7.07184e-56  1.14573e-48  3.09427e-37  1.55291e-42  2.59996e-24  4.09115e-38  4.76901e-27  8.24603e-27  9.52293e-12  
1.45995e-30  6.76777e-34  8.65929e-26  9.04597e-37  3.61094e-28  7.36986e-22  2.51761e-57  1.89976e-55  5.94398e-49  2.36514e-40  5.03425e-48  5.69066e-23  3.58059e-38  1.04867e-30  9.77451e-25  4.30561e-12  
5.35624e-31  5.39782e-34  3.13172e-26  3.8669e-36  4.63092e-27  3.19334e-23  2.39183e-56  1.12932e-54  7.0665e-48  1.91168e-38  5.75347e-46  2.30825e-23  5.84029e-41  3.21569e-31  1.27368e-25  3.11626e-12  
2.05815e-32  2.48185e-33  6.45264e-27  8.41349e-38  1.98746e-26  3.71038e-22  3.18706e-56  6.16953e-50  8.91891e-42  5.85515e-38  2.97104e-45  2.46335e-25  3.8946e-38  5.39189e-28  4.40303e-29  3.09655e-12  
3.67316e-30  1.06543e-32  5.85421e-27  5.13366e-34  2.62544e-24  1.12499e-26  6.52202e-55  1.08107e-45  7.60745e-41  5.00534e-35  8.2994e-42  2.50244e-26  5.83387e-39  1.00269e-28  5.70996e-28  5.93945e-13  
9.47116e-29  8.12215e-33  1.03828e-27  3.71448e-29  2.27089e-22  1.07081e-28  1.06654e-45  9.94489e-50  1.66185e-43  8.34161e-31  9.57955e-35  2.05083e-25  5.13044e-39  2.10431e-27  5.28302e-26  7.39877e-13  
4.54801e-34  6.85592e-37  8.0455e-30  1.44834e-37  1.22454e-28  7.09347e-28  2.81567e-64  4.82131e-58  1.31823e-49  4.53364e-42  3.591e-49  8.8793e-29  5.15565e-45  6.12602e-33  6.97481e-29  9.54881e-14  
4.11384e-35  1.63017e-35  1.92215e-32  1.88804e-33  1.26149e-23  7.35971e-34  5.99077e-56  2.66923e-57  2.66923e-49  8.49678e-36  1.7305e-40  4.66977e-31  2.70901e-42  6.81101e-29  3.00144e-33  1.7641e-14  
6.54364e-28  1.70725e-31  8.31662e-29  2.57434e-27  3.04447e-21  1.00628e-35  1.57101e-47  3.74841e-49  1.76719e-43  4.44041e-31  1.77967e-36  3.15587e-28  1.4063e-39  1.52919e-29  3.72774e-28  1.25879e-14  
1.22478e-30  1.83652e-33  1.64796e-29  8.35283e-30  1.49313e-21  1.66962e-32  1.95469e-48  8.97141e-49  3.36273e-44  1.19964e-30  5.40518e-35  4.05666e-27  3.09506e-41  3.06165e-28  1.63801e-29  1.02311e-13  
5.59559e-35  1.30165e-36  3.83442e-31  2.48117e-35  3.95993e-26  2.32929e-31  2.75433e-61  8.52689e-65  8.45224e-52  3.63505e-40  2.1764e-46  2.92767e-28  4.12861e-45  7.89512e-33  1.18262e-31  2.72903e-14  
1.29312e-28  4.32853e-34  5.91448e-27  3.24952e-31  1.21127e-24  1.85273e-28  4.68509e-52  1.3667e-53  1.23672e-44  4.77196e-36  2.7778e-41  9.75252e-25  1.39735e-40  1.29976e-30  9.93862e-28  2.33546e-13  
4.23581e-27  5.0689e-31  1.83912e-23  2.10155e-30  6.2528e-24  1.29956e-23  1.47129e-50  8.68002e-52  5.83094e-41  1.43914e-35  2.17297e-43  1.9731e-20  1.23461e-37  9.1753e-32  3.78036e-25  4.43351e-12  
3.05923e-24  2.25573e-28  4.52032e-21  2.59947e-28  2.02931e-24  2.44078e-20  9.63026e-48  2.049e-48  5.51663e-39  8.28068e-35  9.90603e-43  1.91487e-18  3.93915e-33  4.02119e-30  2.41231e-20  4.3764e-11  
4.16007e-27  2.14778e-28  1.29647e-23  9.32678e-32  2.78896e-26  8.78312e-22  1.98208e-51  1.72058e-47  1.43686e-38  4.18054e-35  2.85862e-41  1.2607e-19  6.23216e-34  9.48113e-28  9.79404e-21  3.71598e-11  
1.69398e-30  1.26496e-32  9.33526e-26  4.35596e-36  1.25668e-28  9.25579e-22  1.13673e-58  3.7576e-52  9.62935e-42  1.21768e-38  8.20818e-44  5.50588e-22  1.88264e-37  1.23379e-27  5.16937e-24  9.98623e-12  
3.63902e-28  1.62523e-29  1.82578e-23  2.13788e-34  3.53541e-26  1.00023e-19  1.45865e-54  6.20248e-47  1.88003e-39  1.16875e-35  8.76578e-42  2.19941e-20  1.05338e-32  4.50087e-25  2.97851e-22  9.30751e-11  
7.88678e-30  3.09972e-29  1.12819e-23  1.25474e-33  4.3348e-23  5.90422e-19  7.78848e-48  5.94815e-46  3.59387e-41  9.05197e-32  5.05007e-38  1.03063e-20  3.27811e-31  1.05392e-23  5.02076e-23  1.76554e-10  
4.57395e-26  4.231e-27  3.5912e-22  6.27687e-31  2.11302e-23  3.20075e-21  4.69693e-50  1.10855e-48  2.82321e-39  1.16487e-33  1.38499e-40  9.84604e-21  7.60907e-30  7.31681e-25  1.07236e-22  5.81762e-11  
1.57852e-26  9.06566e-28  3.06294e-21  6.37807e-34  6.60156e-24  1.67918e-22  2.09491e-55  1.06427e-45  2.11521e-42  3.44509e-36  1.38326e-44  3.12364e-21  5.49954e-29  3.2704e-26  1.9838e-22  5.39631e-12  
1.81926e-24  9.78222e-25  4.27426e-21  2.78602e-28  9.44847e-21  9.38926e-22  2.86456e-42  7.78269e-42  2.19034e-36  1.43577e-28  2.25439e-34  4.919e-20  4.56059e-27  1.90035e-22  1.1815e-20  1.31078e-10  
2.64661e-25  8.17377e-27  1.31328e-20  4.25693e-30  2.65402e-22  8.38171e-21  2.62823e-50  1.75736e-45  4.44517e-39  2.54309e-33  1.17956e-40  7.90252e-20  2.93698e-29  2.07557e-25  8.41783e-22  5.2087e-11  
1.29623e-28  1.32688e-28  7.95532e-22  2.72973e-35  8.95548e-27  9.90554e-19  6.06488e-62  1.47073e-51  3.65437e-43  6.54389e-40  5.72864e-48  8.06701e-21  1.39226e-32  1.61463e-27  7.72592e-21  3.87739e-11  
1.33811e-31  5.59203e-31  7.57957e-23  3.23267e-38  1.1286e-27  5.59046e-17  2.16848e-65  7.03243e-48  2.99919e-43  2.42258e-40  2.39473e-48  6.61376e-21  1.34557e-33  8.22789e-27  7.76311e-21  5.59749e-11  
3.65966e-31  1.27815e-30  3.91702e-22  7.14735e-37  2.40321e-26  8.0193e-17  1.83248e-62  2.458e-46  2.07586e-42  2.84064e-38  1.22175e-48  6.87868e-22  1.58252e-31  4.86936e-27  6.46119e-21  3.69503e-11  
2.07732e-32  2.75424e-31  4.21992e-22  8.70378e-37  1.0201e-25  1.33048e-14  4.23523e-57  5.44277e-45  4.2955e-41  1.88401e-36  2.69479e-46  2.52749e-20  1.19451e-31  1.74638e-26  1.55818e-20  1.06405e-10  
1.94173e-26  1.92934e-28  1.9082e-21  1.17457e-30  2.80248e-22  3.97335e-17  1.28844e-41  3.31762e-39  1.61026e-40  1.04693e-28  1.62676e-35  8.1125e-19  3.31082e-28  6.07424e-23  1.01584e-19  5.34817e-10  
4.83855e-27  2.39055e-31  1.83808e-22  2.71969e-31  5.47966e-23  1.80916e-18  3.14364e-44  1.43384e-42  1.03441e-42  2.92154e-30  4.4949e-36  1.32089e-19  1.08784e-30  3.5663e-24  2.72267e-20  1.06735e-10  
1.15131e-27  1.21584e-30  7.45378e-23  1.50907e-30  4.83394e-22  4.19488e-18  3.33048e-41  3.37534e-43  1.80299e-40  1.41268e-29  1.39038e-34  5.54943e-19  3.95675e-31  2.3191e-24  2.51346e-21  1.96012e-10  
9.49737e-29  8.26526e-32  5.3173e-24  3.43926e-32  5.36124e-23  2.47973e-20  1.5364e-47  3.82718e-47  2.5126e-41  3.37881e-32  9.84201e-37  1.40894e-21  1.35591e-32  6.79758e-24  7.19996e-24  4.53651e-11  
4.91903e-34  4.70747e-35  2.59383e-28  2.65326e-36  1.27562e-25  1.04628e-19  5.84968e-45  5.12446e-54  2.57101e-50  3.35588e-34  5.68856e-37  3.08781e-23  5.26887e-35  4.54032e-24  1.71586e-25  2.6538e-11  
1.46381e-27  2.72763e-31  7.70014e-25  3.73414e-30  3.02567e-23  1.15096e-22  2.45375e-44  2.30231e-48  6.74101e-44  1.19274e-31  4.68421e-36  9.04038e-23  1.40317e-32  1.20756e-24  1.88131e-23  2.24405e-11  
4.57681e-26  1.01492e-30  6.47077e-24  1.34904e-30  3.54049e-25  3.75774e-22  4.78995e-46  1.07174e-50  1.60797e-43  2.05525e-34  3.59006e-40  1.47836e-21  1.85483e-34  6.61859e-28  1.16735e-21  1.66031e-11  
1.09764e-30  4.58944e-34  5.51499e-26  7.22809e-35  1.25267e-25  8.7539e-22  1.21141e-52  1.83884e-49  2.02888e-45  5.32673e-35  8.98871e-40  1.42741e-22  5.17126e-37  2.95053e-26  1.84894e-24  1.67407e-11  
5.05546e-31  9.112e-34  8.06758e-26  5.94604e-33  3.04241e-24  1.65494e-22  1.74759e-51  1.66856e-54  1.96877e-48  2.13797e-35  4.50967e-40  1.61404e-22  2.65517e-35  4.73718e-27  7.00589e-24  6.85433e-12  
9.92856e-28  3.10179e-32  3.4747e-25  4.46159e-30  1.45843e-23  1.75777e-23  1.66746e-45  7.52846e-51  6.66263e-43  8.85754e-32  3.12056e-35  7.15503e-22  1.34096e-34  4.5407e-25  1.19856e-23  1.43705e-11  
2.57843e-26  1.34353e-29  2.19379e-24  3.48415e-30  8.1809e-24  3.36288e-23  1.84761e-44  2.17498e-47  2.50542e-41  8.9658e-32  1.01271e-36  1.70195e-22  7.51584e-34  1.16499e-25  8.0104e-23  2.80904e-11  
1.20785e-28  6.94987e-33  1.0714e-25  1.81306e-30  8.9698e-23  3.83901e-23  1.9092e-42  7.51318e-47  2.48409e-42  2.17184e-30  4.1014e-33  1.51226e-21  2.12053e-34  1.53172e-24  1.92507e-24  1.44177e-11  
1.49394e-28  6.7095e-31  1.29247e-29  6.35403e-29  2.92255e-22  7.26183e-36  2.46312e-46  2.93633e-49  1.72679e-42  3.97669e-32  2.27053e-36  3.76818e-30  4.95511e-38  5.98495e-28  2.12177e-29  7.82369e-15  
7.6073e-33  5.17942e-39  4.28546e-33  7.67345e-35  3.39908e-28  9.84501e-36  3.03646e-57  1.153e-65  2.41576e-56  5.4416e-40  2.00248e-43  1.50608e-30  3.60478e-47  1.56392e-32  7.40966e-31  2.01293e-15  
3.2263e-30  1.92965e-33  6.97869e-32  2.40598e-28  5.00093e-22  2.19889e-39  2.71764e-46  1.2741e-55  1.63884e-49  1.1281e-31  8.72391e-36  2.67712e-31  9.23533e-39  4.73118e-28  3.45892e-31  1.45561e-15  
7.5289e-31  1.16195e-35  3.3844e-32  3.4952e-30  2.9253e-24  5.80823e-39  4.64773e-53  4.48874e-58  3.95897e-51  1.7149e-35  3.89679e-40  4.47592e-31  8.0645e-44  1.74229e-31  1.50828e-31  9.47968e-16  
3.09518e-28  1.26342e-32  3.06415e-30  4.09194e-30  1.86536e-25  6.33734e-37  1.60497e-50  1.43774e-58  5.78211e-49  2.0431e-37  3.69759e-42  1.21877e-30  3.00364e-39  3.63839e-31  2.11976e-28  1.53504e-15  
8.45289e-28  3.49706e-31  3.11709e-27  4.21337e-29  1.10413e-22  7.07713e-31  3.14517e-47  3.71082e-53  9.75614e-43  4.22415e-33  1.95063e-37  3.5105e-26  4.88047e-37  1.70433e-27  3.66256e-28  1.57764e-13  
1.26743e-28  8.57182e-34  6.34442e-27  2.20437e-29  9.25607e-23  2.98506e-27  1.6129e-46  2.21358e-52  1.9372e-46  4.31055e-33  9.90488e-39  7.7156e-24  5.37868e-39  3.20652e-30  3.19516e-26  6.67949e-13  
