1.36787e-42  3.14446e-41  2.48641e-31  1.67182e-47  5.15218e-38  1.93948e-22  8.94029e-67  8.18235e-57  2.67166e-68  3.2856e-48  2.13794e-67  1.27696e-24  1.56814e-43  9.19236e-42  3.31851e-26  5.85244e-17  
4.50005e-37  3.12935e-37  2.11251e-25  6.62597e-42  3.65551e-32  5.98948e-14  1.71551e-53  1.41207e-47  2.99288e-54  4.82062e-39  1.52339e-52  4.80401e-18  4.92958e-34  1.36056e-33  1.98919e-21  3.0772e-13  
6.54822e-51  3.15251e-48  7.24451e-40  8.83226e-53  5.38973e-41  2.57409e-28  4.53544e-66  1.88265e-66  3.32692e-86  2.86403e-48  1.22139e-63  2.85198e-30  1.38033e-45  2.75402e-39  2.43212e-32  8.8998e-20  
2.11379e-44  1.77712e-42  1.83273e-33  4.79315e-48  4.67089e-37  1.05729e-22  1.32137e-58  4.50004e-54  5.57262e-72  1.5138e-42  1.56593e-57  2.1429e-24  5.52517e-39  8.33578e-36  2.28318e-27  4.49193e-17  
3.76014e-39  2.08781e-39  5.05219e-28  5.61359e-45  3.50197e-34  1.52332e-15  2.26594e-53  4.84492e-48  5.42326e-61  7.30981e-39  3.73902e-52  3.31479e-19  2.82804e-34  9.60699e-32  3.30378e-22  3.92739e-14  
5.73553e-42  1.47342e-40  7.53762e-32  4.19906e-44  9.83476e-32  4.23905e-19  3.26444e-45  5.14724e-48  5.07239e-67  4.71201e-36  1.94613e-46  3.07279e-22  2.83756e-35  2.11578e-29  3.18187e-25  2.86764e-15  
2.69955e-34  3.18764e-34  3.11914e-23  8.76891e-42  9.27215e-29  1.20763e-11  3.5081e-46  4.7782e-41  2.54198e-55  7.45046e-36  3.03502e-49  6.93026e-16  3.50462e-29  6.57795e-28  4.11556e-20  1.23337e-12  
1.27214e-33  1.09972e-35  3.45473e-23  3.72582e-38  4.72233e-26  3.8628e-12  2.56836e-40  1.07655e-44  1.13778e-51  6.79242e-33  2.29769e-42  6.06653e-16  3.98285e-29  2.09239e-26  6.25977e-23  3.31793e-12  
3.86657e-34  5.50992e-33  1.264e-22  7.18357e-41  4.65254e-25  4.33557e-10  1.17819e-44  1.22163e-43  5.59123e-48  3.68616e-34  4.16267e-43  3.01171e-15  1.85094e-26  2.63469e-24  1.16256e-21  1.66478e-11  
5.86364e-41  2.13067e-42  1.00307e-28  7.14549e-45  3.36027e-28  2.20393e-15  3.68045e-45  8.82629e-58  2.79229e-59  1.13694e-34  8.94926e-43  2.8475e-20  5.51795e-34  1.86608e-26  2.49342e-28  2.02256e-14  
5.99291e-42  5.91015e-47  2.07886e-29  1.7658e-48  2.38634e-35  4.36892e-17  1.63883e-58  3.19072e-64  2.08123e-67  3.31697e-41  7.60353e-55  2.09046e-22  7.73695e-42  1.62676e-32  7.73737e-29  1.17341e-15  
4.69858e-33  2.67898e-37  3.20888e-21  7.39183e-42  4.48691e-34  1.60723e-12  5.10406e-58  1.79997e-52  2.41973e-54  7.90017e-42  8.1062e-59  2.87265e-16  1.07806e-34  3.58683e-34  5.52177e-21  5.14135e-13  
3.9701e-37  3.54218e-42  2.13117e-25  1.5333e-42  3.65606e-34  2.30782e-14  1.70176e-51  6.24114e-53  5.8097e-61  6.11017e-39  2.08391e-52  1.84954e-18  1.03058e-36  1.37683e-32  3.16586e-22  6.90509e-14  
1.12583e-30  1.02461e-37  7.86102e-20  6.31537e-38  8.38096e-33  9.38917e-13  9.00554e-52  1.21907e-48  6.26782e-51  1.53742e-38  2.88052e-54  3.7114e-15  1.2355e-33  2.73156e-33  1.077e-19  1.05024e-12  
6.12612e-32  2.91753e-36  5.36274e-20  2.91565e-40  6.68696e-33  4.78657e-11  1.20016e-56  4.05362e-49  4.71927e-51  8.5901e-42  1.10021e-57  4.82941e-15  1.5691e-33  9.59745e-35  3.64761e-18  2.63877e-12  
6.31746e-32  1.17839e-35  5.23353e-20  5.22479e-39  1.38798e-30  1.31081e-10  9.29649e-53  7.40975e-46  1.18373e-48  4.48125e-39  2.30543e-53  6.67449e-15  1.62934e-31  9.47901e-33  8.82526e-18  4.94399e-12  
1.56557e-29  1.07348e-31  6.39263e-19  1.38224e-36  4.52816e-27  1.00136e-08  3.03047e-45  3.48712e-38  6.30676e-43  1.29594e-32  4.77695e-44  2.52469e-13  4.95296e-27  2.6439e-26  1.76804e-15  2.71371e-10  
1.98078e-25  5.49835e-30  2.18722e-16  4.63115e-32  1.11754e-24  1.03644e-08  6.42877e-42  1.00411e-38  1.72912e-39  3.19485e-31  8.51773e-42  4.04401e-12  1.34608e-24  5.65277e-26  3.92736e-15  5.52623e-10  
2.92246e-25  5.11936e-32  3.48478e-17  1.02499e-32  4.71485e-26  4.98745e-10  9.75221e-42  1.81243e-37  2.67648e-42  1.56173e-30  3.4843e-41  5.16312e-13  5.20519e-26  6.33988e-25  1.84629e-16  2.43477e-10  
5.96558e-22  1.1361e-24  1.50435e-15  2.34032e-30  2.08254e-22  3.48323e-09  4.24226e-39  4.81292e-28  7.60882e-31  2.93958e-27  2.85454e-37  8.87747e-12  4.80569e-20  1.88148e-21  5.80747e-14  6.64006e-09  
3.29794e-22  1.38888e-26  1.58591e-18  2.90318e-31  1.51437e-23  3.04073e-13  2.87895e-40  2.75704e-24  3.1516e-31  3.30411e-26  4.93151e-35  1.07351e-14  9.83054e-21  2.44363e-20  8.60779e-15  3.53063e-10  
2.42931e-21  2.31287e-24  5.89505e-17  7.31774e-29  1.70264e-21  3.41325e-11  1.89642e-35  6.43491e-25  1.1479e-28  1.69515e-24  3.52846e-32  4.91813e-13  3.2615e-19  3.09235e-19  3.17987e-14  4.70743e-09  
6.60038e-23  6.8124e-27  1.18767e-18  5.00461e-32  6.89544e-24  8.95242e-12  9.81689e-40  9.26224e-26  2.90568e-32  2.11437e-28  2.75579e-36  4.74222e-13  2.13696e-20  1.50941e-21  2.7822e-15  4.34822e-10  
5.93886e-23  5.38444e-27  4.50677e-19  6.7984e-34  9.22249e-26  3.13391e-12  5.05285e-44  4.19957e-23  1.54898e-31  7.87868e-31  2.24534e-40  2.36304e-13  3.50237e-20  5.73757e-23  2.79786e-15  8.98013e-11  
6.46665e-24  1.86871e-26  8.3885e-19  4.31888e-34  2.07515e-24  4.71426e-11  1.05068e-42  2.22755e-24  7.13992e-33  5.01027e-30  2.58707e-39  4.97303e-13  2.79866e-19  9.59328e-22  1.35733e-15  2.39727e-10  
3.46051e-24  9.21601e-25  1.9207e-19  8.39731e-30  5.9708e-20  5.19541e-13  1.56429e-33  5.53362e-26  2.72321e-30  6.734e-24  9.51763e-29  2.12902e-14  3.10089e-19  9.27295e-18  2.59444e-17  1.53771e-09  
4.88174e-24  6.89903e-28  5.65833e-21  6.2007e-33  4.38743e-24  6.19191e-14  1.26461e-41  4.47046e-24  1.4451e-31  3.95367e-29  1.64793e-35  2.77415e-15  1.05496e-19  8.63787e-21  2.3787e-17  3.79631e-11  
3.88074e-23  8.59781e-24  2.36683e-18  1.07548e-29  2.30829e-20  8.13557e-12  3.46907e-34  5.54366e-24  1.14991e-28  6.04384e-24  5.18914e-30  1.96194e-13  3.4456e-18  5.38767e-18  8.15155e-16  2.55085e-09  
4.36601e-25  1.9446e-28  4.10231e-22  8.26752e-32  1.1265e-22  1.06447e-15  3.59476e-37  1.37309e-26  3.17896e-34  2.39569e-26  1.20222e-30  7.16086e-17  1.33655e-21  6.35667e-19  1.9341e-18  7.73602e-11  
3.57325e-25  1.11682e-26  6.25209e-20  1.56866e-32  3.94136e-22  4.05696e-12  1.96442e-37  1.05029e-26  2.08159e-33  3.21077e-27  4.2164e-33  6.34282e-14  1.03055e-19  1.38089e-19  2.647e-17  3.82636e-10  
2.42385e-25  2.00635e-26  5.25247e-19  7.09471e-32  1.21317e-21  7.84893e-11  3.65715e-36  8.65813e-29  1.31535e-32  9.69628e-27  7.30995e-33  6.93448e-13  1.51746e-20  2.74423e-20  9.20589e-17  1.29801e-09  
3.99563e-24  4.48456e-27  1.07968e-18  3.27617e-34  1.29361e-24  9.12732e-11  7.01901e-43  6.66687e-26  7.87293e-34  8.9403e-31  5.6208e-40  1.25102e-12  5.54305e-20  1.29001e-22  8.89304e-16  2.21475e-10  
1.58901e-24  2.40739e-25  1.14008e-17  6.67964e-31  6.14557e-21  1.37778e-09  8.34849e-35  3.22537e-28  3.24431e-31  7.18043e-26  1.22419e-32  8.42644e-12  2.54783e-19  3.86146e-20  7.20367e-16  2.90802e-09  
7.67962e-23  2.23497e-26  2.44665e-17  8.43537e-30  4.23695e-21  1.00075e-10  7.05465e-35  3.29731e-29  8.99104e-34  3.23103e-26  6.29024e-33  1.63419e-12  5.76247e-20  3.37185e-20  2.86021e-16  2.02674e-09  
2.78846e-22  4.89176e-25  1.97576e-16  9.04312e-29  1.7813e-20  5.73222e-10  1.03497e-33  2.12532e-28  5.00648e-31  1.97987e-25  1.78692e-32  2.38842e-11  2.91623e-19  1.25515e-20  1.96116e-15  4.12844e-09  
6.32007e-25  1.54781e-27  9.78409e-19  1.76815e-30  3.5982e-21  8.80651e-11  8.92479e-33  6.92527e-31  9.56229e-35  1.95095e-25  1.54584e-30  1.60319e-12  1.76814e-20  9.30526e-20  1.48374e-16  1.42995e-09  
5.53816e-25  1.71957e-28  2.24634e-19  1.20908e-32  2.41122e-23  3.38762e-11  1.81137e-37  4.54016e-30  1.78103e-36  3.38496e-28  1.21329e-34  3.54056e-13  1.40519e-21  4.97261e-21  1.69585e-16  5.40274e-10  
1.67521e-24  1.22426e-27  2.9438e-18  1.10994e-32  3.67318e-23  1.01833e-10  7.47427e-40  3.33503e-32  6.55872e-36  1.12253e-29  1.24343e-37  7.59225e-13  2.13505e-22  1.87004e-22  4.16996e-17  9.53084e-10  
7.9532e-27  6.76295e-31  9.10827e-20  7.99126e-33  4.29153e-23  1.36536e-10  9.49245e-36  6.45106e-37  2.32372e-40  1.53789e-28  8.43319e-34  2.58409e-13  1.2069e-23  1.65493e-21  8.50626e-18  5.57623e-10  
2.5941e-26  1.9363e-29  3.84876e-19  1.30349e-31  6.4787e-22  1.43987e-10  2.36867e-34  9.41084e-37  8.4953e-39  2.61146e-27  1.15658e-32  5.09871e-13  5.08692e-23  4.34442e-21  1.08904e-17  1.14778e-09  
5.14356e-24  8.3705e-29  2.99425e-17  2.9262e-31  1.52571e-22  1.41268e-09  5.27744e-37  1.15604e-33  1.52056e-37  6.47714e-29  2.03436e-36  7.1267e-12  4.81218e-22  1.27127e-22  1.10784e-16  1.03994e-09  
1.94459e-26  1.6695e-29  2.39145e-18  6.76839e-33  2.24394e-23  2.71685e-09  3.81824e-38  2.88822e-38  1.40648e-38  1.06158e-29  4.70676e-37  1.35451e-12  5.49022e-24  4.92006e-23  4.40706e-17  1.36308e-09  
1.24967e-25  1.27338e-29  1.60094e-19  1.17953e-31  9.95747e-23  1.29123e-11  1.3801e-35  2.92381e-35  2.94222e-38  1.39154e-28  5.72667e-34  6.61592e-13  1.99059e-23  1.37556e-22  7.04078e-18  4.06387e-10  
5.18849e-29  1.76843e-31  1.51891e-20  6.67624e-35  2.83181e-24  1.13119e-10  7.83702e-40  1.94895e-42  5.02879e-41  1.25272e-31  4.02733e-38  6.29274e-14  7.19879e-27  1.94904e-24  2.72955e-19  3.77225e-10  
1.27392e-28  1.25344e-30  6.33511e-20  2.08793e-36  5.20392e-25  2.08217e-09  1.0075e-41  1.12172e-37  7.46572e-41  2.89794e-32  2.61611e-40  6.35239e-13  1.43006e-24  4.99422e-24  3.46666e-18  2.95815e-10  
1.06911e-26  9.86128e-30  6.96407e-19  6.96669e-35  1.84107e-24  1.05021e-09  8.19136e-42  1.68859e-35  8.28366e-39  3.57118e-32  1.20719e-40  2.72088e-12  7.49324e-24  1.22797e-24  6.18569e-18  3.10524e-10  
8.61749e-29  1.72653e-31  2.86722e-20  3.42029e-36  2.1347e-25  1.59179e-10  7.70308e-44  2.02599e-42  9.94349e-42  1.2247e-33  9.38039e-42  7.05911e-14  1.46815e-27  1.61207e-25  1.46856e-19  2.99066e-10  
1.15831e-23  4.39458e-29  6.84969e-18  8.04674e-29  6.30041e-26  1.12668e-14  6.13882e-36  3.00251e-33  5.19484e-44  4.24279e-30  1.0566e-42  8.39508e-13  2.78372e-24  1.34656e-30  5.76588e-17  3.03192e-12  
9.86745e-30  2.49438e-35  2.15987e-23  3.98308e-35  1.2518e-33  1.18751e-18  2.56642e-50  9.32337e-48  1.3701e-51  3.1702e-40  6.13851e-54  7.726e-18  7.00253e-32  4.10601e-37  1.74419e-23  1.39256e-14  
1.68495e-29  4.78771e-34  2.04777e-21  6.60802e-38  8.26591e-33  3.04461e-13  1.10392e-48  1.57488e-39  1.23907e-47  1.20722e-37  3.39551e-51  1.49454e-14  1.0031e-29  1.2483e-32  1.46661e-18  1.09221e-12  
5.83028e-29  2.58313e-33  1.24563e-20  9.27912e-37  9.72827e-31  1.74484e-11  5.82066e-44  2.62158e-37  4.64788e-46  1.01479e-34  2.79284e-46  1.13674e-13  5.96924e-28  2.93304e-29  2.51515e-17  7.33228e-12  
5.78924e-34  8.19235e-36  3.41691e-23  4.73309e-40  1.59763e-28  1.09633e-11  4.28446e-41  1.82062e-36  7.20576e-52  7.33963e-33  3.18076e-43  1.24392e-15  1.72531e-28  5.00738e-26  9.47741e-20  1.69534e-12  
3.78626e-36  8.34742e-35  1.77704e-24  1.84256e-41  1.47549e-26  5.47851e-11  6.23453e-40  1.07453e-36  8.5525e-50  3.14996e-32  2.97312e-40  6.97424e-16  2.49184e-26  5.02834e-24  2.04382e-20  2.42681e-12  
2.21629e-40  7.88225e-42  1.20636e-30  6.80149e-44  4.41168e-29  2.88993e-17  8.6533e-41  2.27543e-42  1.54199e-62  1.34501e-34  1.40308e-40  1.40435e-21  3.58137e-33  4.00332e-25  5.84605e-26  1.09623e-14  
7.14557e-36  7.88379e-35  1.2275e-24  1.85982e-42  3.10809e-26  3.01549e-11  4.55572e-43  5.39077e-41  8.2437e-52  2.74776e-34  6.78126e-43  3.88996e-17  1.30967e-27  1.21963e-23  9.88704e-23  2.91522e-12  
7.04397e-32  4.62385e-35  1.11683e-21  8.23961e-39  7.76023e-26  5.56871e-10  1.9355e-41  1.08365e-40  2.68401e-49  2.22072e-34  3.46665e-43  7.57403e-15  6.66813e-27  3.47908e-25  1.31813e-21  9.54563e-12  
1.15197e-31  3.78471e-39  6.88249e-21  5.57343e-42  9.69393e-36  8.87772e-14  1.85545e-58  2.78544e-50  2.22219e-55  2.28066e-43  5.72814e-61  8.58442e-17  7.62205e-35  1.14204e-33  7.70259e-21  1.51611e-13  
9.55269e-32  2.09053e-38  2.59222e-21  8.54431e-40  1.92282e-33  7.60573e-12  7.23945e-53  3.70336e-47  3.41573e-53  1.17843e-39  3.30541e-54  8.92661e-16  3.07729e-33  4.27541e-32  5.78254e-19  1.45697e-12  
2.35142e-31  9.50297e-35  6.82587e-20  7.25107e-39  1.93395e-31  3.55426e-11  6.76741e-54  3.06768e-46  1.24417e-49  4.08939e-39  2.69975e-54  3.48501e-15  3.38699e-32  1.9872e-32  2.62318e-17  6.84667e-12  
2.67835e-37  8.37537e-39  3.43363e-24  4.73122e-45  1.97491e-35  3.53786e-14  2.26874e-65  4.42973e-53  1.66702e-58  2.33145e-47  2.36516e-64  4.50566e-19  4.82429e-38  4.66032e-38  6.18459e-20  6.53738e-14  
2.02293e-39  4.85826e-41  1.65161e-27  1.35159e-44  1.57926e-34  6.6069e-16  3.92718e-58  2.90727e-53  8.07042e-62  2.49369e-43  1.21946e-57  2.25768e-20  4.51306e-39  1.3768e-35  7.30389e-22  4.2337e-14  
1.34641e-34  2.52423e-35  6.62717e-22  5.82958e-42  3.2469e-31  1.00073e-10  3.56468e-55  5.0008e-45  3.75334e-51  2.42236e-40  8.06675e-55  6.33345e-16  7.76184e-33  8.29238e-33  7.69697e-18  4.8057e-12  
3.92888e-29  1.29468e-29  8.97731e-18  4.17601e-37  9.4162e-27  8.91073e-09  3.68866e-50  3.6796e-37  6.84641e-41  3.62329e-35  4.77959e-49  5.76795e-13  3.11054e-27  1.06753e-28  9.51444e-16  2.44049e-10  
9.0141e-29  7.59778e-30  9.45575e-19  1.50334e-36  7.09918e-26  1.87603e-09  1.47719e-44  1.96257e-31  9.886e-44  1.2774e-31  1.16816e-44  2.25278e-13  2.43276e-25  1.40456e-25  5.11708e-15  1.76715e-10  
6.5061e-25  5.49147e-27  9.71827e-18  3.60629e-32  1.13127e-22  1.10967e-09  4.89517e-38  1.17295e-30  3.5464e-35  1.04444e-27  5.18326e-36  2.7007e-12  4.51857e-22  1.1269e-21  1.04502e-15  2.77289e-09  
9.56337e-26  4.78122e-27  2.58011e-18  5.73161e-33  1.16727e-22  1.24734e-09  3.67211e-38  4.04931e-28  1.24214e-35  5.05034e-27  1.50774e-35  9.02353e-13  1.87026e-21  1.00155e-20  2.718e-15  2.22924e-09  
2.32088e-26  9.85803e-28  4.76351e-20  1.82967e-33  3.69574e-23  1.86077e-11  1.52505e-38  2.60159e-30  9.98361e-36  3.14578e-27  5.2586e-34  1.85193e-14  7.18425e-23  6.78172e-20  1.49384e-16  1.53957e-09  
3.91155e-24  8.80658e-26  5.5503e-18  2.98348e-33  1.26598e-23  3.38717e-10  8.36312e-41  5.56516e-27  1.00343e-32  1.36084e-28  7.62123e-38  1.04323e-12  1.19386e-20  2.62189e-21  3.3175e-15  1.59576e-09  
2.84096e-26  7.42112e-29  1.07555e-19  2.66536e-36  5.86337e-26  3.31449e-10  1.1533e-43  6.06754e-27  7.62941e-37  2.31032e-31  6.48442e-41  1.33536e-12  2.50625e-21  5.14084e-23  9.036e-16  1.30985e-10  
9.7709e-29  1.70721e-29  3.76582e-20  6.36238e-36  4.92821e-24  1.72073e-09  7.5363e-40  1.77332e-34  7.21808e-39  6.36982e-30  3.13759e-37  3.20989e-13  3.12736e-23  6.99317e-22  2.54215e-17  6.17513e-10  
2.95848e-25  1.94472e-28  1.93812e-19  9.32248e-34  3.10722e-24  1.67413e-11  9.51904e-41  6.58449e-29  3.07761e-36  3.42652e-30  6.22157e-38  9.68581e-13  3.88451e-22  3.28508e-23  1.08751e-16  1.88215e-10  
1.08673e-24  9.77962e-27  5.25102e-19  1.93164e-32  1.03123e-22  1.44029e-11  1.43121e-38  4.20363e-30  1.58367e-34  6.07311e-28  4.38875e-35  1.14798e-13  7.78255e-22  9.66405e-21  7.89259e-17  1.30699e-09  
9.16531e-27  1.63932e-28  4.16259e-20  8.86559e-37  3.85392e-26  9.46732e-11  3.45757e-45  9.54141e-31  4.18383e-37  1.95005e-32  6.59666e-42  1.91148e-13  1.8931e-23  1.39442e-23  1.65415e-16  2.72329e-10  
4.5311e-28  6.49363e-30  1.47282e-21  2.1595e-37  6.09922e-26  1.25653e-11  1.95382e-44  4.11649e-31  3.96027e-39  1.91601e-32  2.51742e-40  2.22696e-14  1.11661e-23  5.76578e-23  9.55956e-18  9.32429e-11  
2.73346e-27  8.24651e-30  8.55915e-20  2.08773e-34  1.52486e-24  2.56666e-10  1.83203e-39  9.5449e-35  4.31036e-38  1.28353e-30  7.77674e-38  1.26261e-12  4.3238e-24  4.88659e-24  3.88527e-17  3.33619e-10  
2.67674e-28  2.09495e-30  1.39278e-20  2.26961e-38  1.99645e-26  1.77873e-10  5.88831e-47  2.32798e-34  5.19853e-41  2.36963e-34  5.04023e-44  7.33397e-14  1.34406e-24  2.55319e-24  2.25571e-18  1.20623e-10  
2.84758e-27  8.07101e-30  1.49903e-19  1.23155e-34  3.32626e-24  6.52671e-10  1.88967e-39  3.13615e-35  4.93697e-39  2.10617e-30  1.07111e-37  9.96917e-13  1.24285e-23  4.75338e-23  2.11745e-17  4.7456e-10  
7.61575e-27  2.59249e-29  1.33489e-19  1.22685e-34  3.79559e-24  3.48004e-10  1.17818e-39  2.81139e-32  3.91457e-38  3.10449e-30  1.34927e-37  1.24512e-12  1.39049e-22  8.9693e-23  3.68383e-17  3.11689e-10  
8.23372e-28  6.31284e-29  2.23254e-20  6.97768e-35  3.0489e-23  7.78431e-11  1.51145e-39  2.08796e-33  3.2205e-37  5.32357e-30  2.10378e-36  1.68039e-13  8.22499e-23  5.28015e-22  1.42897e-18  3.32113e-10  
9.70949e-29  2.06345e-30  1.42682e-20  3.81967e-34  9.18406e-23  1.59383e-10  6.56951e-36  1.31032e-37  4.40002e-40  2.40908e-28  1.63646e-33  1.08418e-13  1.08918e-23  4.40567e-21  1.93989e-18  5.49052e-10  
1.0405e-27  1.38122e-30  1.21547e-20  4.09457e-34  3.66202e-23  2.49862e-11  1.99833e-37  9.92654e-36  2.47012e-40  1.6204e-29  7.98725e-35  1.07361e-13  1.45722e-23  8.73201e-22  6.36615e-19  2.36731e-10  
2.47807e-25  3.61158e-28  1.84825e-17  9.65168e-33  6.82291e-23  5.71818e-09  6.67087e-39  2.95494e-35  3.54534e-37  9.24911e-30  3.7873e-38  5.92397e-12  1.77542e-22  6.12415e-23  4.81656e-17  1.38103e-09  
5.97016e-29  1.43121e-31  1.7773e-20  3.98752e-37  9.30777e-25  9.05765e-10  8.18823e-42  3.15368e-36  3.31032e-43  4.97893e-32  1.19352e-39  2.56815e-13  1.60977e-23  9.58809e-23  9.06447e-19  1.13018e-10  
4.05277e-26  6.72362e-29  7.03181e-18  1.70098e-33  1.61962e-23  1.34043e-08  1.10079e-38  8.58261e-35  1.29973e-37  4.77554e-30  2.65918e-38  1.41532e-11  2.6166e-22  2.09841e-23  1.18553e-16  8.1431e-10  
6.25507e-27  7.76123e-32  1.24698e-19  1.40982e-30  6.12751e-22  2.05512e-11  3.47566e-32  2.43027e-40  2.78092e-41  1.17613e-27  2.97283e-32  6.42065e-13  4.15258e-24  4.89609e-23  1.04554e-18  2.25752e-10  
3.08186e-23  1.32739e-26  2.64194e-17  7.53748e-27  1.53886e-18  1.57416e-11  1.0981e-29  2.57432e-35  5.02265e-35  1.01394e-23  1.2554e-28  9.83784e-13  8.30624e-21  1.75128e-19  1.35242e-17  3.31968e-09  
6.62785e-25  7.30405e-28  4.52889e-18  4.30776e-28  7.19444e-19  5.6547e-11  5.51469e-29  4.98374e-36  1.53684e-36  1.51789e-23  7.5361e-28  7.94459e-13  1.02433e-20  5.49838e-19  1.42643e-17  2.08489e-09  
2.75069e-22  2.49988e-27  5.31092e-16  2.91148e-29  1.25028e-20  1.76249e-09  9.39014e-35  3.57352e-30  3.36851e-35  4.78861e-27  1.93072e-34  3.74501e-11  2.57537e-19  1.95041e-21  1.68685e-16  1.06987e-09  
1.44086e-26  4.14176e-28  8.47053e-19  7.2551e-33  3.15311e-21  3.78815e-10  3.52896e-37  3.91408e-35  1.15072e-37  3.00008e-28  6.09224e-35  1.97559e-13  1.0035e-21  1.45957e-20  4.81632e-19  9.06055e-10  
5.01919e-27  4.03946e-30  3.45787e-20  8.81191e-32  3.6216e-21  7.64776e-12  4.79739e-34  3.89789e-36  1.48537e-40  2.69876e-27  5.81136e-32  9.31319e-14  4.48464e-23  3.17067e-21  7.50516e-19  2.70829e-10  
1.56565e-26  1.92507e-28  8.21971e-19  7.78291e-32  3.96912e-21  1.9926e-10  3.69485e-35  6.27156e-36  5.60057e-37  5.89875e-28  5.27341e-34  1.50978e-12  2.73872e-22  6.04909e-22  7.33567e-19  6.93553e-10  
1.36311e-27  4.19957e-31  1.47586e-19  3.43941e-34  1.59712e-23  3.56672e-10  9.03363e-39  3.44445e-40  6.28099e-42  6.18431e-31  1.52022e-37  4.22031e-13  1.19152e-24  2.68392e-23  3.67717e-19  3.25064e-10  
4.34692e-25  2.95454e-28  4.30006e-17  1.52348e-31  2.41536e-22  3.10886e-09  7.29612e-38  1.61783e-37  8.36065e-37  8.66112e-30  3.67767e-38  1.31041e-11  3.74328e-23  3.05089e-24  1.21724e-17  1.12142e-09  
2.36617e-25  1.13405e-28  1.90696e-17  2.54745e-32  3.2384e-23  2.49085e-09  2.9544e-39  1.23047e-37  1.02051e-37  1.88518e-30  5.26178e-39  5.90202e-12  6.24337e-24  2.27767e-24  2.79232e-17  1.21504e-09  
3.47951e-29  2.27613e-33  1.42575e-20  1.21877e-35  3.32078e-25  4.66317e-10  1.51514e-40  7.92519e-43  5.09741e-44  1.91166e-32  7.94117e-39  4.53856e-14  5.89006e-27  2.91702e-24  1.1535e-18  2.45869e-10  
4.29163e-26  1.35247e-29  5.43229e-18  2.33912e-34  3.98866e-25  2.30187e-09  7.86407e-43  1.92234e-37  1.98821e-38  4.48045e-33  8.0823e-43  8.53428e-12  5.29766e-25  1.67738e-26  2.21287e-17  4.04583e-10  
5.81601e-18  3.53301e-24  4.79056e-12  1.80519e-24  3.29188e-21  4.09026e-11  6.68366e-35  2.10863e-31  6.93761e-33  2.37975e-27  5.85526e-41  1.00766e-09  1.36061e-20  8.51738e-28  1.01049e-14  3.58183e-10  
7.74e-24  5.00804e-30  9.1259e-16  3.45886e-29  1.25817e-24  3.18631e-10  7.01602e-37  1.1308e-36  1.32562e-40  2.31093e-29  7.99769e-42  2.28494e-11  3.64496e-24  4.05827e-28  2.80062e-16  7.09965e-11  
1.03982e-29  1.29803e-35  9.12226e-20  1.33957e-37  1.70392e-32  8.6071e-12  9.47398e-50  2.81742e-45  7.53169e-49  2.10078e-37  2.33055e-52  1.98746e-14  2.35094e-31  4.65505e-32  6.56611e-19  3.2985e-12  
5.2141e-28  4.56337e-32  2.99869e-19  5.1807e-34  7.87857e-27  3.38033e-10  1.40357e-38  2.02869e-35  2.9291e-41  8.51874e-30  6.86814e-40  5.79251e-13  2.86558e-26  6.81633e-26  4.52845e-17  9.96862e-11  
1.76319e-30  1.06231e-35  2.81609e-21  3.39626e-35  1.04893e-26  4.7248e-12  7.03205e-39  8.74417e-42  6.71432e-46  5.30903e-31  9.35171e-40  2.88949e-15  1.23304e-29  5.84804e-26  3.36559e-21  1.85574e-11  
3.17985e-37  4.20747e-37  7.14969e-25  6.90711e-44  1.12334e-27  4.72709e-11  7.26223e-44  2.82167e-43  3.5745e-53  1.30235e-35  7.83726e-45  3.45849e-17  1.41992e-28  6.06337e-25  2.72332e-23  6.26046e-13  
4.4629e-36  7.83273e-37  1.05784e-23  9.11539e-43  4.06432e-27  4.82832e-10  1.6652e-43  8.01469e-43  2.06161e-48  1.05359e-34  1.00728e-42  4.37404e-16  9.72651e-28  1.85174e-24  8.4693e-23  3.33219e-12  
1.91289e-40  1.06483e-41  1.77259e-28  6.19321e-45  1.17082e-27  6.35177e-14  7.9106e-42  4.07515e-47  4.24888e-57  5.37363e-35  3.14117e-40  4.19944e-20  5.977e-32  5.89071e-24  9.83233e-27  1.18944e-13  
7.57176e-33  1.07635e-32  5.93863e-22  4.5414e-39  8.53118e-24  5.75363e-10  9.08264e-42  3.79916e-42  5.28252e-43  7.15819e-33  4.58035e-40  7.15929e-15  4.40915e-25  2.42342e-23  1.87591e-22  2.8231e-11  
1.52522e-33  3.58829e-39  1.59839e-23  2.29782e-39  1.41743e-26  2.6481e-13  1.90792e-43  8.91511e-53  1.15516e-44  8.39432e-35  2.78545e-42  2.10034e-18  4.17848e-31  1.17236e-25  7.51504e-29  6.62156e-13  
2.5046e-39  3.9721e-44  7.50053e-26  1.10312e-46  1.93047e-35  5.02602e-15  1.72626e-55  1.21379e-60  8.3808e-56  2.03499e-40  8.23953e-54  1.44216e-20  3.8652e-39  1.29926e-30  2.44272e-28  1.84215e-14  
3.74609e-32  4.58123e-37  1.56873e-22  4.98245e-37  8.47872e-31  3.30856e-14  9.65087e-48  3.81414e-54  9.02394e-52  1.84701e-36  6.95527e-49  3.01771e-17  7.75957e-34  1.02617e-30  1.80678e-23  1.41189e-12  
9.97639e-40  2.9665e-40  6.26862e-26  9.88891e-45  1.75375e-32  3.21007e-14  3.98218e-58  1.88048e-55  2.43896e-55  1.70036e-41  2.02391e-54  7.17944e-20  1.14568e-36  2.52256e-32  1.01977e-23  1.48372e-13  
1.08133e-37  4.34843e-37  1.09373e-24  9.65934e-44  4.77773e-32  2.15988e-14  4.30784e-62  6.10747e-54  6.67262e-55  4.95365e-44  4.27608e-58  2.46961e-19  5.68574e-37  1.50673e-34  1.24359e-21  3.44977e-13  
1.59882e-36  2.46612e-37  1.34244e-22  1.64151e-44  5.73704e-34  7.11362e-13  3.11948e-65  2.83897e-53  3.64758e-53  8.10452e-46  1.95867e-62  6.62983e-18  1.37561e-36  6.3625e-36  6.99287e-21  3.49185e-13  
3.45771e-25  2.84312e-28  1.63507e-15  1.92567e-32  1.80629e-24  4.5956e-08  2.00334e-42  2.90742e-35  2.74664e-37  1.24272e-31  2.72989e-44  4.61519e-11  6.60035e-24  3.02677e-27  4.19918e-15  6.41772e-10  
3.04234e-26  2.31168e-26  1.82272e-16  2.4646e-33  5.47091e-24  6.58319e-09  3.25598e-42  3.37274e-30  6.762e-32  1.91321e-28  4.46762e-41  5.27511e-13  4.46251e-24  1.54984e-23  2.733e-15  2.37661e-09  
2.05266e-22  2.05875e-24  2.90547e-15  3.91111e-29  9.77302e-21  1.56398e-09  5.80025e-39  1.64017e-27  1.33707e-28  7.28398e-26  9.33413e-36  1.85883e-12  1.80273e-20  4.66925e-21  1.28625e-14  9.75063e-09  
5.56671e-23  1.8462e-26  2.7388e-15  4.21119e-29  5.13793e-22  4.90009e-10  1.51935e-37  7.23966e-30  8.95723e-35  9.56051e-27  7.27968e-37  1.27245e-11  3.86652e-22  2.0648e-23  9.09454e-14  1.53969e-09  
8.68933e-24  3.03355e-27  1.3659e-17  5.99838e-30  3.20978e-22  1.8459e-10  1.30691e-35  9.50497e-34  1.02722e-35  2.79908e-26  3.73852e-33  5.5811e-13  1.40159e-22  1.23024e-20  2.90004e-15  5.18964e-09  
1.33828e-23  2.38386e-27  6.32074e-17  8.5001e-30  1.12853e-21  1.92922e-09  5.17816e-34  1.25427e-32  8.75599e-35  3.95948e-26  4.92801e-33  4.41545e-12  2.37149e-21  1.10492e-20  7.933e-16  4.00654e-09  
1.48704e-25  5.06072e-29  7.15075e-17  8.58603e-33  2.62101e-23  2.3748e-08  1.01929e-39  3.53321e-37  3.71055e-39  1.41365e-30  7.25719e-40  1.01469e-11  3.44414e-23  4.26738e-24  9.97841e-17  1.02084e-09  
4.28726e-25  1.07547e-28  3.73325e-17  3.25828e-33  3.24368e-24  1.66642e-08  7.85176e-40  2.41269e-34  1.34177e-37  5.07277e-31  2.15573e-40  4.60766e-11  1.52647e-22  9.92017e-25  3.87213e-16  6.85397e-10  
4.27431e-26  3.40435e-28  1.66671e-18  3.33642e-33  1.07779e-22  5.92179e-10  3.61713e-39  7.59549e-35  1.7733e-37  3.03406e-29  6.61795e-37  5.73379e-13  5.38686e-23  5.69857e-22  1.43877e-17  1.46368e-09  
2.58301e-24  1.18109e-26  8.32398e-17  7.61297e-35  4.20993e-25  3.45427e-09  9.74437e-46  9.83459e-32  1.17701e-35  1.16869e-32  1.056e-44  5.15342e-12  4.19063e-22  1.46072e-24  6.51516e-16  8.15792e-10  
3.95599e-23  1.74345e-28  7.95303e-17  1.14859e-29  1.51894e-22  1.34178e-09  4.15093e-35  2.95174e-33  2.305e-35  7.87912e-28  3.9641e-35  3.50477e-11  8.47081e-22  3.46514e-23  2.01071e-15  1.38406e-09  
3.90536e-24  3.53823e-27  1.91248e-16  1.76932e-33  3.0219e-24  9.41795e-09  6.51321e-43  8.88532e-34  2.35915e-36  9.03446e-32  1.08548e-42  1.73323e-11  2.357e-22  1.40647e-24  4.37995e-16  1.13737e-09  
4.08265e-26  1.22476e-29  5.3813e-19  6.53367e-35  6.41126e-25  9.60293e-10  2.27542e-41  2.27151e-33  4.00013e-39  2.6969e-31  1.14256e-39  1.31585e-12  5.20207e-23  3.31389e-23  1.0393e-16  4.08597e-10  
1.17179e-24  1.07035e-27  1.24919e-16  2.84711e-32  4.13196e-23  2.60666e-08  9.22328e-39  1.09733e-33  9.18159e-36  7.99785e-30  4.82246e-39  6.01991e-11  8.95885e-22  6.428e-24  5.03271e-16  1.34163e-09  
1.07268e-24  7.79754e-28  4.08785e-17  1.81307e-31  5.24104e-22  3.25763e-09  3.49579e-37  1.64312e-35  5.88513e-37  1.02952e-28  1.35457e-36  7.12823e-12  4.20195e-22  1.80238e-22  4.43496e-17  1.7504e-09  
2.36883e-25  8.4715e-30  9.03133e-19  3.23234e-32  5.32994e-23  2.64751e-10  1.57122e-36  2.3796e-33  1.80002e-38  5.16176e-29  2.47506e-35  1.82826e-12  1.94119e-22  1.56171e-22  5.06373e-17  3.93765e-10  
7.18881e-25  1.55426e-26  3.19703e-18  1.43975e-29  1.13378e-19  8.32148e-11  6.88413e-32  3.41446e-32  5.73809e-34  1.22352e-24  8.61996e-30  1.17814e-12  2.12662e-20  2.65383e-19  2.08289e-17  2.79407e-09  
8.72686e-26  6.01823e-29  7.83926e-19  4.04463e-32  1.23164e-21  3.83226e-10  6.91575e-36  1.56974e-32  3.65614e-38  3.3006e-27  2.40146e-33  2.10768e-13  4.18795e-21  5.24814e-20  2.89734e-17  9.03396e-10  
3.87983e-25  2.94358e-27  1.5166e-17  2.2033e-33  1.36387e-22  6.50157e-09  2.24547e-39  6.70663e-31  2.0058e-36  1.96121e-29  3.02017e-38  5.84136e-12  2.7945e-20  7.7742e-22  7.65667e-17  7.93977e-10  
8.26168e-26  4.42551e-28  3.57586e-18  2.02961e-32  5.67981e-22  2.89414e-09  5.81565e-36  6.00876e-33  5.44826e-37  9.75498e-28  1.29109e-34  4.23247e-12  5.20955e-21  5.03727e-21  6.35898e-17  1.22397e-09  
3.12865e-27  3.45346e-31  7.86033e-20  6.63713e-35  1.44941e-24  7.18881e-10  4.28152e-39  6.5964e-36  7.20203e-41  2.24925e-30  5.684e-37  2.91702e-13  1.59696e-23  5.41989e-22  1.39422e-17  3.59268e-10  
3.66634e-25  2.10151e-28  1.19996e-17  5.336e-32  1.13657e-22  1.9174e-09  9.44082e-38  6.29155e-36  6.82849e-37  1.65313e-29  3.12075e-37  7.02701e-12  7.51714e-23  2.39152e-23  3.13315e-17  1.22725e-09  
1.25659e-27  5.96353e-31  9.06733e-20  8.76943e-35  7.99266e-24  3.66391e-10  8.7569e-40  4.92056e-38  1.09485e-42  4.35391e-31  5.75275e-38  1.91689e-13  2.41759e-24  1.00835e-22  1.56185e-18  3.77131e-10  
3.71784e-26  1.25681e-27  4.87385e-18  3.31047e-32  3.68577e-21  2.03909e-09  2.65504e-36  1.57854e-34  8.29871e-36  3.34596e-28  2.54462e-35  3.18233e-12  2.10822e-21  9.05801e-22  2.65878e-18  1.02892e-09  
8.81939e-30  6.93633e-32  1.33992e-21  1.12113e-34  9.96078e-23  3.63599e-11  1.14145e-34  1.27405e-37  1.33228e-41  9.32774e-29  1.6882e-32  5.68776e-14  2.94383e-23  4.13626e-21  1.12921e-19  1.12966e-10  
2.99814e-27  3.583e-29  6.34256e-20  1.40807e-31  9.94029e-21  1.02017e-11  4.04607e-34  2.5881e-38  3.26473e-38  6.61913e-27  1.66334e-31  4.98938e-14  1.74256e-23  1.85847e-20  1.1965e-19  9.22419e-10  
8.20563e-26  2.18966e-28  7.31386e-18  1.21707e-32  2.35235e-22  1.17428e-09  8.02523e-39  1.26433e-36  3.59858e-37  2.67345e-30  2.02229e-38  5.16645e-12  4.95532e-23  6.67579e-24  1.25517e-18  6.45067e-10  
3.84622e-27  5.19579e-29  1.16595e-19  4.10415e-34  3.96211e-22  7.75061e-11  4.02283e-39  2.45949e-35  5.39988e-39  6.15956e-30  1.28659e-36  1.07882e-13  2.37432e-22  1.66607e-21  6.65293e-20  3.01283e-10  
4.69723e-26  2.72094e-26  2.43457e-19  2.8283e-30  5.26603e-19  3.44713e-12  4.704e-33  1.40722e-32  2.27283e-33  1.15666e-25  1.92055e-30  1.89999e-13  2.29082e-20  7.19654e-20  7.04804e-20  6.14444e-10  
4.35402e-30  3.90609e-31  1.283e-21  1.78831e-38  8.68149e-25  1.48188e-10  2.95801e-44  4.03909e-36  4.38808e-42  3.47855e-33  8.3895e-41  6.14429e-15  5.31889e-24  1.84974e-22  2.09435e-20  8.10324e-11  
1.79831e-28  7.28636e-30  7.23021e-20  1.07935e-38  3.91765e-26  3.09164e-10  1.80503e-49  6.61106e-38  1.03326e-40  3.3013e-36  1.79923e-47  8.50273e-14  2.64473e-25  4.69461e-26  3.62097e-20  8.19879e-11  
1.35132e-25  2.22733e-28  7.08254e-19  1.48916e-32  2.07521e-22  3.12499e-11  4.43856e-39  5.18806e-34  6.53105e-36  1.89741e-30  2.48244e-37  1.72578e-12  9.77132e-23  7.17321e-24  3.81885e-19  2.41269e-10  
4.8256e-28  1.0991e-28  7.38154e-20  7.00359e-34  1.22782e-21  4.71168e-11  5.60215e-39  2.96665e-37  2.85277e-37  6.15425e-30  1.10437e-36  1.34248e-13  1.93724e-23  1.11604e-22  1.14386e-20  3.00522e-10  
9.47123e-31  1.548e-30  9.69319e-22  8.41666e-38  6.13837e-24  1.55045e-10  2.40969e-42  4.15817e-35  8.46843e-40  3.05375e-32  6.1264e-39  4.02938e-14  1.54284e-23  5.59016e-23  5.46068e-20  7.47541e-11  
1.80153e-25  2.247e-28  7.82431e-18  4.66154e-34  3.2372e-23  1.9484e-09  6.95339e-42  7.66763e-35  1.7107e-37  1.76505e-32  1.53658e-41  7.00622e-12  8.05607e-22  1.85775e-24  6.79033e-19  2.09067e-10  
1.55171e-25  1.41605e-27  4.19182e-18  5.11086e-31  5.73617e-21  1.37068e-10  2.48968e-36  3.8114e-34  2.27585e-34  2.56677e-29  4.01907e-36  1.35917e-11  1.82735e-21  2.96792e-24  3.74615e-19  2.35728e-10  
3.68296e-27  2.75639e-29  2.24005e-18  3.65845e-34  1.18771e-22  2.60742e-09  1.93325e-40  2.64668e-38  1.01263e-38  2.02922e-31  7.80364e-40  1.64098e-12  2.18835e-23  5.41259e-24  1.60002e-19  3.47465e-10  
2.10185e-25  6.82572e-26  2.87946e-18  3.32727e-29  2.68917e-23  1.00662e-14  1.73582e-39  5.27152e-34  2.42969e-38  1.1611e-29  4.34693e-44  1.2606e-13  9.12649e-26  9.7462e-31  6.38166e-18  1.60604e-11  
1.54634e-34  3.01934e-34  1.52394e-23  3.06806e-39  4.74193e-30  8.06488e-14  1.93164e-49  1.96282e-45  1.85562e-51  2.3994e-36  9.52044e-51  7.4487e-17  1.34485e-31  3.24192e-32  5.11825e-22  7.06038e-13  
2.94861e-37  1.67101e-37  1.09401e-26  1.09698e-42  2.10287e-33  3.00015e-15  2.16894e-51  1.04209e-48  3.49656e-59  1.73356e-38  2.53714e-52  2.81614e-19  3.49138e-34  2.34944e-31  9.55727e-23  8.15028e-14  
5.16931e-37  4.99296e-39  1.81703e-25  2.56586e-42  4.5666e-33  2.09394e-14  3.1842e-48  5.806e-44  8.9185e-57  5.02515e-36  2.25656e-50  3.23788e-18  1.74401e-33  1.0428e-30  4.26053e-22  7.16178e-14  
4.39383e-36  2.46223e-38  6.74441e-26  4.23714e-41  4.84506e-31  1.75368e-16  3.94498e-46  2.0366e-44  1.39437e-59  3.39809e-34  1.26338e-47  4.4435e-19  5.4193e-34  1.5162e-29  1.47249e-22  5.14056e-14  
3.47694e-32  4.53519e-32  6.51781e-22  9.24611e-39  7.467e-26  2.12099e-11  7.23023e-41  5.63636e-37  1.8501e-48  1.40691e-31  3.84689e-43  5.06429e-15  2.68796e-26  4.91065e-25  3.26329e-20  5.24061e-12  
2.69337e-36  8.2983e-36  8.46397e-26  1.22664e-44  1.00549e-29  1.52789e-15  5.32681e-49  1.33936e-39  1.7059e-60  1.0931e-35  1.31986e-50  4.46825e-18  1.88576e-29  6.06041e-28  2.37561e-21  1.61404e-14  
1.75122e-34  4.74136e-33  1.10083e-22  5.72312e-42  3.80167e-26  2.32128e-09  1.3719e-44  6.9763e-40  3.00641e-46  9.4687e-34  4.29452e-43  1.65128e-14  9.31151e-25  5.22324e-24  2.38772e-20  1.08639e-11  
4.32271e-34  4.18548e-37  1.0058e-24  5.53777e-45  5.98829e-30  9.90918e-13  2.54301e-53  8.52649e-45  1.1023e-48  4.24041e-38  9.96526e-50  7.07305e-17  5.03192e-28  4.41182e-26  1.54939e-25  2.04633e-13  
1.40136e-34  1.54587e-35  3.57933e-23  1.72717e-42  1.49689e-26  1.89904e-10  2.28369e-47  1.50762e-45  1.03254e-47  2.52751e-35  1.16657e-44  7.85922e-16  1.79636e-27  1.41338e-24  1.18721e-23  4.40806e-12  
4.9307e-32  4.61881e-32  1.35167e-21  2.05234e-38  2.24602e-23  1.82771e-10  2.15991e-42  8.2351e-41  3.88148e-40  1.69389e-31  7.4759e-39  3.77584e-14  3.39181e-23  9.56284e-23  5.89464e-22  2.19299e-11  
1.51409e-40  4.92601e-44  6.2479e-27  7.17144e-48  2.78734e-33  2.94103e-14  1.37255e-58  2.07258e-60  1.65055e-52  1.40761e-39  3.54083e-51  3.54482e-21  5.35346e-37  1.41544e-28  3.04134e-30  3.91722e-14  
1.07028e-34  3.38076e-35  4.60049e-22  9.20827e-42  1.10818e-30  4.64736e-11  2.61564e-54  3.36081e-48  2.00546e-49  4.9272e-38  5.59387e-52  2.93382e-16  7.65283e-32  5.65169e-30  4.69765e-21  4.86153e-12  
2.93587e-35  2.74765e-34  4.24133e-23  1.83833e-40  1.08289e-28  1.29017e-12  1.86964e-53  7.28099e-48  1.37009e-49  1.25772e-37  7.41332e-50  3.17399e-17  3.82963e-32  3.41207e-30  8.45586e-21  4.15151e-12  
1.18059e-39  2.85564e-37  2.26206e-26  2.09582e-43  5.5319e-29  6.60895e-15  5.10009e-56  2.96203e-50  2.6316e-50  9.54214e-40  5.42698e-50  7.95842e-20  1.0224e-34  1.96289e-31  2.04336e-22  4.89607e-13  
2.06707e-38  3.31942e-37  4.34872e-25  1.7196e-42  1.7474e-28  1.19301e-13  3.3402e-53  7.25793e-50  5.33713e-49  1.09873e-38  8.68245e-49  6.39862e-19  3.82341e-33  1.51721e-30  1.28551e-21  9.04637e-13  
1.40544e-26  1.87812e-28  3.86064e-16  1.13699e-35  9.72079e-27  7.33551e-08  4.54725e-47  1.58482e-35  3.31461e-39  4.63697e-34  1.12948e-48  3.81365e-11  6.17096e-25  1.63673e-28  4.67299e-15  3.04979e-10  
3.50603e-29  4.61223e-30  2.87625e-18  9.69376e-36  1.40201e-24  3.19518e-08  1.9945e-42  5.7702e-39  5.82115e-42  1.22999e-31  2.7506e-42  1.10519e-12  6.30618e-25  2.94148e-25  7.56387e-17  3.1917e-10  
2.61134e-27  4.54581e-30  2.09228e-17  3.33604e-33  8.41908e-24  6.24682e-09  2.77241e-40  1.32499e-39  5.26072e-40  3.39945e-30  3.80508e-40  9.27209e-13  9.30107e-25  2.37883e-24  8.16901e-18  4.61727e-10  
1.26905e-24  2.56717e-27  3.41672e-16  2.61115e-30  3.19952e-21  1.56044e-08  6.49429e-36  6.60551e-35  2.81497e-37  2.83752e-27  6.30985e-36  1.67203e-11  2.01306e-21  2.05461e-22  1.18048e-15  2.10706e-09  
2.18883e-22  1.31186e-25  2.02857e-15  1.43159e-28  4.17225e-20  8.42971e-09  2.36835e-33  3.10767e-30  2.99838e-34  1.32349e-24  1.43424e-32  5.53769e-11  7.25336e-19  5.98849e-20  8.61093e-15  4.95512e-09  
2.90629e-21  4.31466e-26  5.8053e-15  6.00566e-26  2.80148e-19  1.48358e-09  2.20768e-30  3.36206e-31  1.07053e-32  3.40663e-23  2.14077e-30  5.0146e-11  1.45447e-19  2.21332e-20  7.49683e-15  5.61523e-09  
6.92119e-24  4.66661e-27  5.415e-17  5.95362e-28  6.59595e-20  2.63748e-10  6.83558e-32  3.41254e-35  4.44499e-36  6.57613e-24  7.79763e-30  1.98101e-12  5.71323e-21  1.55112e-19  1.42845e-15  4.50423e-09  
2.13866e-24  3.89287e-28  1.07071e-16  4.23354e-29  6.2445e-21  1.35379e-09  1.17192e-33  1.01613e-35  4.61659e-39  4.65768e-26  1.20976e-33  1.143e-11  1.18799e-21  3.64132e-22  1.19735e-15  1.34423e-09  
1.03538e-25  1.64306e-28  1.4259e-17  3.66827e-30  6.40033e-21  2.86227e-09  1.08771e-31  7.87015e-35  1.07124e-37  5.94837e-26  1.55538e-32  1.71832e-11  4.74768e-21  8.23514e-22  7.23972e-17  8.96559e-10  
2.72037e-28  4.82327e-30  7.15699e-20  4.60292e-32  2.93874e-21  2.75648e-10  1.60871e-31  5.87905e-37  4.63993e-38  5.57009e-26  2.78176e-30  4.36117e-13  4.99684e-22  1.92357e-20  5.7371e-18  5.70368e-10  
4.69989e-24  7.14785e-28  2.47816e-17  1.05997e-28  3.51135e-20  5.3504e-10  6.70732e-31  7.36158e-34  5.00903e-36  9.45237e-25  3.49239e-30  7.84497e-12  1.58733e-20  3.88883e-20  2.11281e-16  2.29545e-09  
8.34251e-22  2.12966e-26  1.85332e-15  3.15103e-27  4.11332e-20  1.03041e-09  4.14233e-33  3.27806e-34  9.99732e-35  1.19687e-25  5.32961e-33  1.47173e-11  1.23807e-20  2.32041e-21  1.80097e-15  4.38686e-09  
2.82374e-25  1.13156e-28  1.1268e-17  1.06664e-31  9.25809e-22  8.07899e-09  9.18059e-35  1.89805e-31  2.13502e-35  1.10888e-26  2.98686e-33  4.29552e-12  2.06795e-20  3.14626e-20  1.36769e-16  1.38077e-09  
2.59939e-24  1.01728e-27  1.48735e-16  1.71442e-32  1.56972e-23  4.98782e-08  1.37414e-38  1.27541e-31  5.84754e-36  1.58205e-29  6.64266e-39  1.22213e-10  9.49325e-21  1.97826e-23  3.56348e-15  1.07981e-09  
1.80874e-24  3.46026e-29  8.04047e-18  1.30427e-32  4.15506e-24  2.48536e-09  1.54404e-38  6.70611e-33  9.37102e-38  1.85773e-29  2.01597e-37  5.63175e-12  4.0062e-22  1.67363e-22  1.164e-15  9.78833e-10  
3.32274e-24  7.93719e-28  5.23453e-17  1.13722e-31  6.73498e-23  8.57927e-09  2.91486e-37  5.42491e-33  4.60076e-36  2.28848e-28  1.84649e-36  1.61856e-11  2.25194e-21  4.27234e-22  1.5186e-15  2.09815e-09  
4.52365e-23  7.32477e-27  1.08567e-16  1.14335e-29  2.36532e-21  3.16467e-09  1.99928e-33  2.45374e-29  1.08054e-33  4.2061e-26  5.55854e-33  6.29295e-11  3.17557e-19  5.51219e-21  1.91618e-15  1.81236e-09  
3.06373e-23  3.79159e-27  5.39978e-17  2.84688e-28  2.40468e-20  8.73809e-10  3.41064e-30  1.28645e-28  3.92841e-34  3.24823e-24  3.46712e-30  1.88096e-11  1.07568e-19  2.21925e-20  2.25135e-15  2.0158e-09  
1.43517e-24  4.37288e-27  6.76321e-17  4.46368e-31  3.39735e-21  3.6894e-09  1.53545e-36  1.44564e-34  2.68011e-36  9.09273e-28  1.29878e-35  4.05022e-12  2.55473e-21  1.96994e-21  4.04029e-17  2.39011e-09  
1.74029e-22  3.80822e-28  8.60366e-17  1.42358e-29  2.9009e-21  4.99831e-10  1.99472e-35  3.16809e-32  3.01747e-35  1.23706e-27  3.48341e-34  8.28487e-12  7.45536e-20  3.13332e-21  1.42346e-16  9.26183e-10  
1.2986e-24  3.23345e-26  4.31566e-17  3.86587e-30  1.14234e-19  2.07768e-09  1.55979e-33  9.32203e-33  1.09656e-34  6.96658e-26  1.10937e-32  5.17615e-12  1.16821e-19  4.09582e-20  1.93862e-17  2.16513e-09  
4.28329e-25  2.007e-28  1.11304e-17  5.51298e-31  1.34337e-21  1.69923e-09  9.21618e-35  3.1007e-35  5.93422e-37  1.36647e-27  3.87477e-34  6.14961e-12  8.07231e-22  9.04173e-22  3.88811e-17  1.48129e-09  
3.30877e-25  4.67359e-29  1.7337e-17  3.96834e-32  1.08547e-22  4.69116e-09  1.15417e-37  3.00762e-36  1.9273e-38  2.59623e-29  6.00581e-37  4.23302e-12  1.28651e-22  1.41904e-22  5.011e-17  1.26838e-09  
2.63443e-26  4.01606e-28  3.40435e-19  3.61188e-31  7.85744e-21  6.21283e-11  3.52094e-33  2.21113e-34  1.72241e-36  4.44215e-26  4.50337e-31  6.12387e-13  1.02552e-21  3.62686e-20  5.35079e-18  1.23906e-09  
2.01881e-29  9.02543e-31  7.08091e-22  3.16716e-36  1.68313e-23  1.47714e-11  5.3755e-41  5.55876e-34  7.07121e-41  2.52063e-31  5.91252e-37  4.71537e-14  2.02318e-22  2.92082e-22  5.85215e-19  6.07942e-11  
1.96317e-25  3.04508e-27  2.11876e-18  1.58975e-31  2.38615e-21  4.35732e-10  7.16412e-35  1.03371e-31  3.13164e-35  1.19795e-26  6.70558e-33  2.2015e-12  6.90672e-21  1.85619e-20  5.9334e-17  1.70169e-09  
3.45665e-26  4.44517e-30  9.22253e-19  5.92581e-32  1.58023e-22  3.15524e-10  8.57012e-36  2.53108e-36  1.78426e-38  6.2818e-29  4.46077e-35  3.98322e-12  4.62521e-23  3.63729e-23  6.0504e-18  4.68942e-10  
3.81564e-28  5.80793e-31  1.44117e-20  4.50274e-36  8.50874e-26  7.14584e-11  1.00038e-42  4.00497e-36  3.5618e-40  5.97115e-33  7.87282e-41  5.19868e-13  1.57422e-25  1.27911e-25  5.21698e-18  1.1301e-10  
1.07726e-31  1.89191e-32  8.7559e-24  1.71717e-38  2.50922e-25  1.24447e-12  1.04829e-42  1.07368e-36  3.54765e-42  2.06517e-32  1.2914e-37  1.00918e-15  1.92576e-26  5.76489e-23  2.7264e-20  4.43398e-11  
3.06085e-29  3.0531e-30  1.23195e-21  1.50441e-33  2.05964e-22  4.5414e-12  1.36789e-34  4.76578e-37  2.76492e-38  1.85074e-27  2.14527e-31  2.8117e-14  3.29261e-24  4.19008e-21  7.04768e-19  3.53684e-10  
4.02537e-29  2.34688e-30  7.11051e-22  5.34707e-35  2.42985e-23  1.43027e-12  3.50259e-39  2.3058e-34  8.44034e-39  1.56802e-30  1.86431e-35  5.57159e-14  1.109e-23  4.08451e-23  8.15862e-20  5.09295e-11  
3.03915e-29  2.62207e-30  8.89277e-22  1.48044e-33  3.82993e-22  1.20575e-12  1.16176e-35  2.97695e-38  8.94912e-39  4.12277e-28  3.60075e-32  9.30097e-15  3.40392e-25  1.55091e-21  5.70931e-20  3.1874e-10  
