0.314297 0.577315 -0.259807 1.498425 0.415555 0.466464 0.688373 1.109285 -0.116929 0.042781 -0.107091 -0.144676 -0.318864 
0.800828 1.542484 0.561851 1.025057 1.632012 0.866510 -0.285328 0.663219 0.351661 -0.647938 -0.137315 -0.479704 0.054619 
0.131006 1.764465 0.945005 1.118688 1.306366 0.576291 0.422171 -0.339540 -0.008172 -0.565909 -0.232970 0.058631 -0.637401 
-1.042858 0.276870 1.620663 1.627500 1.638118 1.883370 1.232535 0.332098 -0.430671 -0.547707 -0.761555 0.012499 -0.893638 
-0.147055 0.764015 1.428451 0.729544 1.042116 1.696652 0.554257 0.515244 -0.131340 -0.246799 0.796747 -0.043168 -1.169971 
0.415576 0.868647 -0.089129 2.104259 1.041618 0.429489 1.081145 0.141049 -0.502323 0.045006 -0.370733 0.140907 -0.835355 
0.975752 0.960989 0.237959 0.101877 0.654240 0.993866 0.983525 0.504026 0.231812 -0.891144 -0.617286 0.222375 0.158295 
0.404829 0.728653 0.476834 0.618836 -0.222580 -0.024335 1.166129 0.827305 0.865839 0.424488 -0.070835 -0.562985 -0.518524 
1.247529 0.655654 0.895254 -0.280841 -0.186965 0.780513 1.416146 0.927961 0.150780 0.350420 -0.207348 -0.381569 -0.640577 
0.490916 0.748209 1.105341 0.421600 0.342902 0.051025 0.687209 1.041399 0.270422 0.467027 0.487152 -0.348954 -0.562072 
1.096268 1.205419 0.920787 0.415653 0.666000 -0.546714 0.863543 0.577063 0.528927 0.683913 -0.144459 0.104550 -0.352181 
2.869071 -2.581546 -1.097932 -1.555913 -1.075341 -1.073992 -0.468827 -0.641099 -0.022598 0.178908 -0.096062 0.809889 0.517057 
2.131423 -3.892019 -1.583645 -1.987224 -1.385598 -1.690412 -0.502509 -1.170887 -0.473748 -0.499623 -0.964694 0.571769 -0.097527 
2.502285 -4.010469 -1.460662 -2.169538 -0.064394 -1.318349 -0.990482 -0.126805 -1.101844 -1.025676 -1.196475 -0.089127 -0.143919 
3.028266 -4.859157 -1.457843 -2.029079 -0.468273 -1.658458 -0.331375 -0.640715 -1.061415 -0.662613 -1.500596 0.347585 -0.581223 
3.282254 -5.658051 -1.303251 -1.959273 -0.644021 -1.293178 -0.940852 -0.272849 -0.761224 -0.843209 -1.789433 0.456867 -0.415748 
4.176099 -6.202575 -0.734722 -1.906536 -1.066700 -0.784423 -0.967487 0.149212 -1.588180 -0.731784 -1.622724 0.636075 -0.431660 
3.909589 -6.024842 -1.213966 -2.243231 -1.153913 -0.526978 -0.989865 -0.289285 -1.222419 -0.513031 -1.792041 -0.056254 0.456402 
3.588410 -6.316390 -1.403760 -2.372961 -0.569879 -1.013564 -1.289377 -0.586233 -1.068018 -1.229316 -1.831885 0.625560 0.527501 
4.251097 -7.422083 -0.822066 -2.231454 -0.957545 -0.423148 -1.886566 -0.442658 -0.996682 -1.552453 -1.512246 1.006055 0.312580 
4.088957 -6.733511 -1.654982 -2.082494 -0.947695 -1.035484 -1.248801 -1.015644 -1.381780 -1.358026 -1.346419 0.653343 0.837695 
3.829101 -6.928388 -1.345828 -2.589046 -1.298690 -0.812974 -1.405658 -0.594810 -1.983534 -1.041407 -1.175107 0.291873 0.718380 
3.522762 -6.836761 -1.620124 -2.069256 -0.918788 -0.771423 -1.752503 -0.529638 -1.463892 -1.218817 -0.874315 0.786310 0.774502 
3.028445 -6.742194 -1.782256 -2.137177 -1.172837 -0.616427 -2.002719 -0.765028 -1.856741 -1.063421 -0.957704 0.721984 0.517468 
3.972845 -6.942289 -2.079296 -1.661081 -1.113047 -0.520463 -2.012581 -0.436703 -1.509888 -1.053337 -0.977909 1.063295 0.843533 
2.925578 -6.749811 -1.841739 -2.505338 -1.215836 -0.422403 -2.452698 -0.234567 -2.099871 -0.876215 -1.125752 0.639186 1.007045 
4.143303 -6.366782 -2.323988 -1.579169 -0.988195 -0.838935 -2.204569 0.012408 -2.015983 -0.858878 -1.323902 0.785667 0.930892 
3.039496 -3.741602 -1.828312 -1.754036 -0.825659 -0.790884 -1.433461 0.259676 -1.953695 -0.573099 -1.878150 0.393455 -0.116965 
1.496408 -1.869208 -1.523465 -2.082387 -1.161343 -1.316741 -1.529242 -0.148170 -1.271931 -0.969664 -1.350304 -0.024489 0.137929 
1.217684 -1.290871 -2.246653 -0.650674 -1.448775 -1.144783 -0.102524 -0.906860 -1.299924 -0.404552 -0.928323 -0.834770 -0.189223 
2.573082 -0.386646 -1.479313 -1.746311 -1.549627 -0.746482 -0.736685 -0.905793 -0.639937 -0.008477 0.060910 -0.130116 0.031074 
3.028716 2.327133 -0.575168 -1.165181 -2.209054 -1.502916 -0.542774 -0.643924 -0.453755 0.398076 0.730580 0.387259 0.545389 
1.904841 0.973835 0.491385 0.167307 -0.726276 -1.225541 -0.640335 0.349340 -0.419520 0.208303 0.168920 0.524242 0.673969 
1.009345 1.520838 0.503409 0.604577 0.252691 0.128773 -0.265043 -0.760938 -0.843044 -0.279923 0.477424 0.767521 0.886685 
1.603108 1.572041 0.441369 0.789791 0.184836 0.441859 0.520083 -0.849091 0.225637 0.305753 -0.296712 0.067626 0.359475 
0.421662 2.151217 1.108505 1.802712 0.802553 0.241552 0.700901 -0.021727 -0.377591 -0.049115 -0.459305 -0.010469 -0.646824 
1.801014 1.653797 1.207436 0.846870 0.543721 0.900426 0.524462 -0.708308 -0.204343 -0.185809 -0.201762 0.247733 -0.448089 
0.928080 0.724613 1.259320 0.540363 -0.268378 0.481009 0.658612 0.787342 -0.393425 0.309308 -0.057152 -0.346559 -0.684837 
0.221152 -0.229149 -0.162772 0.692048 -0.602117 0.623500 0.414751 0.472927 0.090095 0.420536 -0.191352 -0.097128 -0.133984 
-2.972830 -2.966902 -2.143763 0.019554 -1.504550 0.579931 -0.691783 -0.029932 0.538824 -0.322288 0.338584 0.805339 -0.382040 
-3.255858 -4.538932 -3.803058 0.601997 -0.767990 -1.080094 -0.745025 -1.522895 0.634812 0.315900 -0.079276 0.694828 0.737266 
-3.649085 -4.160446 -2.462709 0.417800 -1.408310 -1.350099 -0.320716 -2.000180 0.173473 -0.280581 -0.868746 1.050830 1.838182 
-4.506761 -3.604895 -2.407879 -0.115154 -1.548010 -1.610904 -0.638451 -1.964776 -0.201192 -0.623979 -0.902103 0.772899 1.898550 
-3.931232 -2.130094 -1.946510 -0.736337 -1.130438 -1.329265 0.035185 -1.393073 -0.733425 -0.561501 -0.458275 0.728169 1.857381 
-4.809518 -2.214450 -1.849866 -1.279214 -1.428899 -1.536438 -0.392952 -1.516074 -1.123793 -0.828005 -0.628073 0.689838 1.754076 
-4.454379 -1.832933 -1.779307 -1.874872 -1.778727 -1.276361 -0.198446 -1.042802 -1.649398 -0.633862 -0.466793 0.624405 1.640442 
-4.308962 -1.744606 -1.438349 -1.660918 -1.631733 -1.097536 0.078208 -0.941122 -1.365036 -0.549649 -0.143027 0.951064 1.820571 
-4.644542 -2.566509 -1.131445 -2.412202 -1.948591 -1.658870 0.098670 -1.253702 -1.502052 -1.034281 -0.148844 0.775029 1.855878 
-4.051843 -2.471650 -0.656268 -2.303735 -1.749287 -1.498262 0.812662 -0.866929 -1.409621 -0.467178 0.234826 1.063959 2.197029 
-4.826363 -2.302992 -1.187468 -2.876262 -1.559810 -2.273372 0.384970 -0.840744 -2.304216 -0.577739 0.216976 0.383793 2.061128 
-4.976781 -2.385218 -1.597498 -2.815717 -1.529927 -2.292999 0.315072 -0.544677 -1.945564 -0.537293 0.587184 0.798228 2.165117 
-4.780649 -2.655737 -1.907777 -2.534587 -1.519215 -2.253908 0.038682 -0.790165 -2.014808 -0.526198 0.560100 0.658102 1.938900 
-4.116039 -2.943036 -1.995006 -1.705127 -1.020598 -2.388788 0.154211 -1.010260 -1.659195 -0.354426 0.346350 0.681484 1.684338 
-4.227194 -4.094171 -3.224967 -2.194188 -0.213908 -2.008319 -0.894107 -1.369721 -1.722165 -0.128635 0.886586 0.416824 1.022888 
-3.149245 -3.434718 -2.947505 -2.465756 0.024743 -1.808808 -0.363152 -0.338784 -1.587901 -0.394661 0.487737 -0.006650 0.124784 
-1.719187 -1.518470 -1.736052 -1.855657 -0.030763 -2.424099 -1.584431 -1.372250 -1.263246 -0.763909 0.359025 -0.024187 0.592129 
-0.330490 -0.844321 -1.249126 -1.617104 -0.724528 -2.500699 -1.734654 -1.068194 -1.343894 -0.589260 -0.008240 0.585177 0.849364 
1.543789 -1.720594 -1.414318 -1.368742 -1.031297 -2.308008 -2.442681 -1.412667 -1.356413 -0.462035 -0.156668 0.140617 0.165773 
1.740870 -0.954069 -2.025459 -0.486804 -0.914279 -2.163179 -1.982993 -1.540315 -1.159351 -0.300744 -0.111838 -0.069602 0.919861 
1.703056 0.024081 -2.255103 -0.438789 -1.449542 -1.259466 -1.723852 -2.175408 -1.212045 -0.209579 0.023887 0.092052 0.599941 
1.355052 -0.478322 -1.372645 -0.778693 -1.092424 -1.792206 -1.625352 -1.629320 -1.351613 -0.780603 -0.097000 0.134762 0.563691 
2.335392 -1.331162 -0.902496 -0.646746 -1.076311 -2.051099 -1.644347 -1.109754 -1.034356 -0.996343 -0.320726 0.597651 0.627068 
2.108921 -1.325056 -1.089052 -1.169852 -1.026547 -1.448273 -2.359513 -1.189500 -1.065404 -0.833660 -0.635093 0.537970 0.474528 
1.095913 -1.190202 -1.476436 -0.912021 -2.166718 -0.420555 -1.182251 -1.752193 -1.503846 -0.857185 -0.254158 -0.004475 1.106566 
2.266763 -5.150851 -4.539888 -0.780735 -3.275265 1.066027 -0.547583 -1.347294 -0.849586 -0.884208 -0.453763 -0.213317 1.422722 
3.397557 -7.167340 -4.349195 -0.610272 -1.938202 1.116414 -0.868885 -0.677571 -1.167704 -1.853553 -0.437731 -0.529071 0.970299 
3.401697 -7.150829 -3.408017 -0.832713 -1.597049 0.962641 -0.681205 0.214971 -0.727241 -1.795124 -0.822956 -0.769245 0.517737 
2.869669 -7.064929 -3.434283 -0.873957 -2.264975 0.758965 -0.137813 -0.070223 -0.818042 -1.616815 -0.863739 -0.837398 0.360379 
3.734875 -7.273915 -3.092269 -0.527098 -2.074046 0.749302 -0.067284 0.523350 -1.045128 -1.122060 -0.825678 -0.870255 0.219701 
3.855055 -7.378839 -2.989494 -1.041975 -1.886197 0.829137 -0.434514 0.353774 -1.091885 -0.969712 -0.860154 -1.306716 0.212439 
3.724360 -7.766527 -2.338101 -1.394367 -1.788188 0.948553 -0.195715 0.456423 -1.203252 -0.659446 -0.895172 -1.055024 0.317932 
3.384410 -7.428382 -2.492350 -1.340856 -2.315889 1.400678 -0.592999 0.078901 -0.763044 -1.039962 -1.073991 -0.830692 -0.242903 
3.699950 -7.878029 -2.298652 -1.300047 -1.942208 0.898199 0.035621 0.158809 -1.066255 -0.743680 -0.921004 -0.848018 -0.223198 
3.070448 -7.102131 -2.741989 -1.656701 -1.448726 0.514828 0.009006 0.061708 -1.243118 -0.709429 -1.115031 -0.964088 -0.142560 
3.424158 -7.650877 -2.147585 -1.584033 -1.631483 0.982670 -0.039588 0.179505 -1.133233 -0.600023 -0.966122 -0.773356 0.029372 
3.605709 -7.742837 -2.291119 -1.564641 -1.867738 1.176699 -0.593050 0.121903 -1.225170 -0.595531 -1.087803 -0.828068 -0.334224 
3.531407 -7.613431 -2.183930 -1.528663 -1.611469 1.364109 -0.669888 0.009755 -0.997607 -0.538930 -1.157689 -0.554826 -0.199958 
3.684813 -7.787632 -2.286384 -1.334107 -1.882251 1.076891 -0.475780 -0.177013 -1.229241 -0.560124 -0.902234 -0.970337 -0.334826 
3.464278 -7.645894 -1.868973 -1.545120 -1.642588 1.242601 -0.347199 -0.211996 -0.965507 -0.257935 -1.080566 -0.587645 -0.328069 
3.576570 -7.586202 -2.096318 -1.510606 -2.258465 1.158640 -0.191686 -0.456045 -0.652492 -0.785863 -0.942366 -0.832504 -0.610180 
3.913935 -7.222493 -2.398420 -1.587961 -2.221984 0.760620 0.490760 -0.483311 -0.137982 -0.901783 -0.892019 -1.037570 -0.663710 
3.523136 -5.737404 -2.926679 -1.900286 -1.450579 0.422690 0.881668 -0.581120 -0.300648 -1.073520 -0.425809 -1.823078 -0.597415 
3.426492 -4.072724 -2.813217 -0.761385 -0.374163 -0.558532 -0.063793 -0.538211 0.393157 -1.820534 -0.361766 -0.754401 -0.957534 
2.578582 -2.661839 -1.733082 -1.506742 -0.626145 -0.531209 -0.576005 -0.600481 -0.175284 -1.295621 -0.088841 -0.686898 -0.637912 
2.491607 -0.576847 -1.814977 -1.857261 -0.953144 -0.891463 -1.614731 -0.987362 -0.620070 -0.710525 -0.038682 0.133587 1.087194 
2.037037 1.133207 -2.399164 -0.642066 -1.291518 -1.401987 -0.773512 -0.750499 -0.424694 -0.422101 -0.529811 0.101337 0.763803 
-2.116652 1.038074 -2.350402 0.195248 -0.762338 -0.370163 0.908800 0.023003 -0.559312 0.209988 -0.082720 0.745666 0.809185 
-1.355107 0.641346 -2.866188 0.271343 0.120804 -0.760125 0.461063 -0.276926 -0.830898 -0.738076 -0.250220 0.248553 0.409545 
-0.223551 -3.099208 -4.991269 -1.488246 0.366579 -1.464774 0.188356 -0.738680 -1.536541 -0.586501 -0.021154 -0.168032 0.615910 
-2.135670 -3.910579 -3.403693 -1.353741 1.062652 -1.999682 -0.480127 -1.100480 -1.516405 -1.063171 0.094757 -0.688408 0.144164 
-3.820594 -3.456040 -2.648112 -0.963769 1.185417 -2.210743 -1.013246 -1.569027 -1.122641 -0.367204 0.154339 -1.287640 -0.032520 
-4.612531 -3.709962 -1.849519 -0.736072 0.339019 -2.017460 -1.767130 -0.923550 -1.465597 -0.226711 0.206093 -1.252331 -0.289888 
-4.688820 -3.716107 -1.209165 -0.992118 -0.230581 -1.840247 -1.384010 -1.359032 -1.426870 -0.549422 0.054933 -0.790366 0.322342 
-4.914659 -3.411870 -0.804857 -1.507759 -0.113951 -1.912479 -1.348150 -1.240514 -1.581447 -0.915691 0.056806 -0.456484 0.607621 
-5.130953 -3.178088 -0.460948 -1.902914 0.056853 -1.666292 -1.562342 -0.986575 -1.537945 -1.147538 0.418633 -0.330792 0.695621 
-5.399825 -3.060012 -0.474182 -2.271529 -0.014716 -1.677673 -1.552857 -0.809735 -1.427386 -1.449207 0.856331 0.119453 0.507243 
-5.230951 -3.236089 -0.410850 -2.836142 0.052179 -1.835553 -1.620360 -1.022617 -1.270693 -1.481570 0.180867 0.813221 0.390176 
-5.464262 -3.120470 -0.131056 -2.781002 -0.352331 -1.543296 -1.304640 -1.290796 -0.660875 -1.128515 -0.174321 0.853983 1.202411 
-5.474804 -2.828522 -0.706227 -3.094609 -0.741926 -1.274342 -1.816625 -1.076164 -0.584303 -1.506283 0.233332 0.849139 1.120279 
-5.536766 -2.856883 -1.025061 -3.394124 -1.327561 -1.524885 -1.656544 -0.330139 0.082495 -0.957040 -0.156951 0.477997 1.656529 
-5.915859 -2.768786 -0.774415 -3.447553 -0.816430 -1.356215 -1.717425 -1.047629 0.002359 -1.506629 0.402164 1.350735 1.060792 
-4.548456 -3.865890 -0.947794 -3.246254 -1.658303 -1.074833 -1.775407 -1.310861 -0.412241 -1.027167 -0.156934 0.978786 1.614948 
-5.193006 -3.846343 -0.965954 -3.502579 -1.453384 -1.248275 -1.367200 -1.892544 -0.313693 -0.902416 0.039580 0.575140 1.808461 
-4.596740 -4.165120 -0.696503 -3.321177 -1.994074 -0.605701 -0.999413 -1.976254 -0.699986 -0.361464 -0.174292 0.671804 2.018135 
-4.272354 -4.316882 -0.457998 -3.791797 -2.631195 -0.163538 -0.493806 -2.475275 -1.158819 -0.083400 -0.391160 0.327801 2.092579 
-4.097584 -4.886417 -0.626603 -3.407964 -3.206059 0.057025 0.026450 -2.761497 -1.322637 -0.165058 0.024946 0.272143 2.015717 
-3.558583 -4.511015 -0.775256 -3.032125 -2.254513 -0.430937 0.453406 -2.085354 -1.051975 -0.798399 -0.135424 0.883993 2.134915 
-3.416414 -4.952786 -1.769459 -2.074651 -2.210412 -0.985652 0.105600 -1.455326 -1.656590 -1.304156 -0.513832 1.073475 1.953740 
-3.199507 -5.083247 -1.373378 -1.746114 -1.961612 -0.805708 0.362720 -0.947682 -1.454207 -1.560322 -0.264872 1.377226 1.844508 
-4.042133 -4.893731 -1.044832 -2.132493 -1.993997 -1.223923 0.213667 -1.092223 -1.384947 -2.314769 -0.682977 1.086763 1.588521 
-3.923661 -5.237071 -1.526703 -1.230094 -2.240087 -1.394657 0.199739 -0.735358 -1.765216 -1.826338 -0.563503 0.894251 1.362123 
-3.996166 -5.627967 -1.284445 -0.795323 -1.911978 -1.766633 -0.064814 -0.599714 -1.975334 -1.944456 -0.588946 0.512724 1.144829 
-4.101792 -4.976868 -1.621874 -0.715682 -1.619204 -1.648097 -0.230462 -0.496379 -1.514007 -1.947286 -0.550408 0.894182 1.032725 
-4.218201 -5.340855 -1.154274 -1.109799 -1.789568 -1.543691 -0.658668 -0.550793 -1.678670 -2.030162 -0.732421 0.582692 0.927893 
-3.947506 -5.252434 -1.209145 -0.728172 -1.472282 -1.693752 -0.165561 -0.738118 -1.313280 -1.692924 -0.889088 0.844357 1.215658 
-3.959929 -5.010308 -1.317316 -0.652338 -1.513030 -1.603374 -0.403951 -0.876426 -1.225558 -1.697214 -0.989380 0.649535 0.827241 
-3.987375 -5.096522 -1.654100 -0.459537 -1.375034 -1.825047 -0.294719 -0.716865 -1.173225 -1.763693 -0.912168 0.562579 0.861804 
-4.073280 -5.050079 -1.472522 -0.555502 -1.292445 -1.769645 -0.337960 -0.794116 -0.936444 -1.799226 -1.010512 0.501113 0.599677 
-4.117860 -5.349301 -1.309572 -0.598214 -1.427481 -1.852708 -0.195776 -0.535621 -1.381912 -1.574904 -0.732815 0.098028 0.127254 
-4.582251 -4.734609 -1.342731 -0.868431 -1.178644 -1.755440 0.042952 -0.899961 -1.050253 -1.105320 -1.087452 0.075450 0.129756 
-3.986272 -4.746080 -1.596508 -0.737190 -1.086323 -1.753231 0.033109 -0.857310 -0.837786 -1.143780 -1.061898 -0.236029 -0.003499 
-3.786798 -4.865192 -1.841810 -0.499215 -1.523421 -1.562644 0.026720 -0.852379 -0.743251 -1.259787 -0.953659 -0.613434 -0.078580 
-3.295701 -5.253136 -1.728331 -0.528324 -1.539205 -1.288407 -0.163649 -0.675090 -0.655419 -1.217307 -0.990726 -0.507491 -0.067497 
-3.471831 -5.024667 -1.565078 -0.465628 -1.624272 -1.119015 0.004835 -0.529930 -0.650744 -1.219431 -0.815921 -0.441828 -0.419708 
-3.581360 -4.660805 -1.686175 -0.962278 -1.370616 -1.395633 0.058269 -0.605173 -0.739625 -1.156155 -1.047187 -0.752439 -0.410607 
-3.730102 -4.677885 -1.876239 -0.660722 -1.505010 -1.360448 0.226231 -0.539627 -0.850331 -1.181255 -1.029748 -0.719924 -0.554710 
-3.022663 -4.779657 -2.077535 -0.460792 -1.518421 -1.697340 0.299937 -0.173604 -1.113301 -1.245518 -1.071840 -0.662707 -1.031096 
-2.747583 -4.359378 -2.423779 -0.519874 -0.925299 -1.924252 0.579163 -0.262378 -0.843516 -1.141418 -1.045080 -0.905565 -0.715274 
-1.628327 -4.514060 -2.209477 -0.877378 -0.725042 -1.350196 -0.031546 0.347007 -0.255909 -1.631301 -0.964299 -0.597281 -0.859004 
-1.213863 -4.387410 -2.982377 -0.984859 -0.337419 -0.970818 -0.502020 0.060969 -0.309350 -1.200334 -1.519361 -0.668534 -0.385065 
-0.994609 -3.957945 -2.736118 -1.487633 -0.254259 -1.284211 -0.134591 -0.028900 -0.392980 -0.948637 -1.369085 -0.666310 -0.723553 
0.031325 -2.914800 -2.748171 -1.046021 -0.617728 -0.944535 -0.431172 -0.128108 -0.263965 -0.526456 -1.042767 -0.547221 -0.861003 
1.001597 -2.213695 -1.580491 -0.481916 -1.253108 -2.064193 -0.592251 0.308360 0.174797 -0.166955 -1.167344 -1.348292 -1.099664 
1.431652 -1.298259 -2.185190 -0.336490 -1.070923 -0.825357 -0.246790 -0.263069 -0.941083 0.475113 -1.175639 -0.545028 -0.251483 
2.410840 -0.406025 -2.298125 -0.279796 -0.816562 -0.266547 -0.061200 -0.763643 -0.566448 0.225774 -0.405061 -0.451297 -0.923571 
1.463437 -1.083111 -1.502483 -0.065757 -1.203096 -0.551879 -0.240195 -0.148736 -0.691609 0.079315 -0.864307 -0.745024 -0.377087 
3.515076 0.211928 -1.631405 -2.153331 -1.584810 -0.118004 0.832078 -0.745392 -1.222932 -0.328586 -0.707075 -0.900942 -0.652474 
4.117893 -0.288156 -1.703765 -0.821242 -0.599540 -0.747427 -0.420437 -0.452131 -0.566272 -0.047728 -0.932640 -1.095786 -0.901100 
3.396278 1.387502 -1.317948 -1.585518 -1.772488 -0.042709 0.560177 -0.807511 -0.599043 -0.558092 -1.159856 -0.946280 -0.047425 
-1.802800 -1.603467 -0.031841 0.365859 -0.499361 -0.940975 -0.416874 -0.269909 -0.483484 -1.009473 -0.373277 -0.200342 -0.566066 
-5.609403 -3.252105 -1.170275 0.968444 -0.829066 -0.764029 -1.085608 -0.288671 -0.306771 -0.832020 -0.606783 0.179598 -0.030961 
-3.988152 -3.936276 -0.913377 -0.461071 -1.529613 -1.097997 -0.375962 -0.092637 -0.477145 -1.943528 -1.073269 -0.177611 0.000464 
-2.498240 -4.071972 -2.136226 -1.387222 -1.812446 -1.012941 0.068650 -0.240016 -0.801909 -0.819150 -1.763615 -0.722472 -0.206168 
-2.618611 -4.180570 -2.133290 -1.729512 -1.327910 -1.044026 0.230291 -0.317944 -0.239080 -1.121925 -1.891685 -0.741513 0.346595 
-2.870980 -4.020425 -2.000681 -1.635725 -1.462217 -0.754596 0.313352 -0.440754 -0.227020 -1.147107 -1.732491 -0.623415 0.039572 
-2.982487 -4.509574 -1.424883 -1.703744 -1.677242 -0.783817 0.638700 -0.165727 -0.366468 -1.399041 -1.488282 -0.252107 -0.163112 
-3.485243 -4.376897 -1.631994 -1.824901 -1.352267 -1.505420 1.054761 0.233265 -0.589713 -1.720258 -0.925354 -0.484287 -0.296373 
-2.751068 -5.147513 -1.295484 -1.918617 -1.177223 -1.575032 1.049269 0.130626 -0.568901 -1.601187 -1.370904 -0.209667 -0.710277 
-3.124223 -4.956767 -1.911605 -1.447202 -1.807739 -1.579940 0.803014 0.512212 -0.774162 -1.716172 -1.218037 -0.493207 -0.763088 
-3.154283 -5.212467 -1.604055 -1.064836 -2.080003 -1.274914 1.310841 -0.043114 -0.443034 -1.319343 -1.329219 -0.860760 -0.875586 
-3.459898 -4.902052 -1.816074 -1.312249 -1.884143 -1.138166 0.871082 0.509663 -0.643784 -1.224776 -1.189863 -1.237455 -0.786477 
-2.995876 -5.027756 -1.586537 -1.441581 -1.542613 -0.372887 0.652898 0.577518 -0.510775 -0.558746 -1.407979 -1.043578 -0.889560 
-2.482258 -4.259715 -2.543085 -1.510583 -1.223789 -0.327063 0.750431 0.036253 -0.191847 -0.572569 -1.300558 -1.114694 -0.723706 
-1.507392 -4.186043 -3.077165 -1.600184 -1.614700 -0.674572 0.759318 -0.232465 -0.112696 -0.774431 -0.628490 -0.125658 -0.101971 
-1.851984 -4.375960 -3.032201 -0.745291 -0.987629 -0.615785 0.819822 -0.275639 0.042980 -0.227845 -1.243322 0.018353 -0.228968 
-1.183410 -4.356727 -1.397374 -1.383084 -0.610595 -0.616930 0.450896 -0.113295 -0.058138 -0.387368 -1.232177 -0.521263 -0.292832 
0.454365 -3.092615 -2.463948 -0.591266 0.150905 -0.131706 0.880054 1.205093 0.458839 0.659471 -0.807478 -0.435910 -0.025889 
1.272781 0.379231 -0.201485 0.434559 0.176868 0.284320 0.711865 0.167601 -0.372113 0.608092 -0.033457 0.031080 -0.341393 
0.793393 1.592464 1.144386 0.133156 -0.203712 0.121796 1.021315 -0.039153 0.000919 -0.132866 -0.217320 -0.781110 -0.159726 
1.153082 0.705279 0.482960 0.512321 0.540873 0.188618 0.483225 0.511065 -0.306740 -0.459110 -0.870281 0.269696 0.432009 
0.449651 2.237225 1.418625 -0.122944 1.332783 1.267329 1.192974 -0.600102 -0.540489 -0.319816 -0.614230 -0.273490 0.314095 
-4.168560 1.778757 -3.032609 0.416890 -0.252551 -0.471043 1.345728 0.115560 0.473208 -0.146864 0.459574 -0.066650 0.410649 
-0.939220 2.210442 -1.184976 -0.016127 0.310437 -0.591384 1.450309 0.642161 0.199432 0.319886 -0.056552 -0.181246 -0.591841 
0.308539 1.354105 1.080750 1.140160 0.494371 -0.631016 0.140067 0.564755 -1.001705 -0.790272 0.027773 0.338523 0.239350 
-0.161957 -0.109358 0.750241 0.702183 0.111618 0.391912 1.183805 0.773210 -0.070884 -0.438217 -0.447630 -0.253218 0.051990 
-0.172930 0.705137 0.832641 1.320477 1.094782 1.813879 0.141432 1.777732 0.167550 0.243527 -0.601547 -0.509337 0.391037 
0.869654 0.955729 0.877705 1.793800 0.797305 0.473394 -0.284335 0.604053 -0.626869 -0.957131 0.646600 0.712786 -0.476457 
0.786879 1.315050 0.869110 0.444887 -0.030944 0.860908 0.101387 -0.453938 -0.031191 -0.325347 -0.138641 0.103007 -0.054911 
0.280199 0.496338 -0.259666 0.295562 0.725489 -0.334366 0.119384 0.071568 0.489567 -0.097550 -0.315833 -0.028323 -0.294922 
-0.329187 0.389521 0.716493 1.319574 1.625355 0.397250 0.764171 -0.143003 -0.151377 -0.180233 0.010138 -0.122914 -0.341203 
-0.694783 -0.866850 1.428980 -0.763184 -0.355381 0.564764 1.131360 -0.406251 -0.480415 0.331331 -0.094266 -0.164907 -0.077868 
