7.81278e-28  9.94753e-27  2.62001e-21  1.1623e-31  1.95047e-21  3.07744e-16  5.12755e-45  6.01816e-44  3.02656e-34  4.43971e-29  1.70538e-36  3.18605e-19  1.5359e-30  3.68362e-23  3.81287e-22  1.06487e-09  
1.42952e-28  7.50987e-28  5.09792e-23  5.43175e-34  1.11374e-25  2.06078e-17  9.84488e-46  1.00977e-50  3.78029e-39  5.18039e-34  2.47166e-42  8.49366e-20  6.76961e-35  1.40972e-27  6.43298e-23  1.77693e-10  
1.57453e-29  1.05085e-28  6.51657e-22  5.16274e-35  1.86834e-25  1.3303e-15  1.638e-49  6.95094e-53  5.13229e-35  2.60694e-35  7.08036e-44  2.95896e-18  2.94925e-35  2.77434e-28  1.71287e-23  1.65028e-10  
5.27383e-37  2.14568e-35  7.03475e-28  3.93437e-44  4.71233e-32  3.06276e-18  3.71724e-67  1.05864e-62  8.25824e-46  4.9952e-46  5.1975e-54  2.5238e-23  7.66765e-44  2.48642e-32  2.3292e-26  4.73075e-12  
2.05294e-35  3.87303e-32  6.31276e-28  3.67953e-36  6.89742e-25  1.56008e-19  1.80073e-46  8.34443e-58  2.45124e-42  2.31562e-34  3.09807e-38  4.29203e-23  3.3203e-38  4.70991e-26  2.8642e-26  4.1839e-11  
1.45621e-30  3.47102e-31  6.4419e-23  4.96154e-36  1.00258e-24  1.42644e-16  3.21489e-53  1.56535e-51  1.03014e-37  6.0302e-35  2.93378e-42  1.37286e-19  3.52759e-35  8.87635e-27  3.78602e-23  8.31288e-11  
1.76443e-25  2.26503e-25  8.71172e-19  3.46581e-33  3.76666e-25  3.18234e-15  1.17208e-51  8.75998e-46  2.66897e-33  3.79524e-35  2.15927e-46  1.20459e-17  2.65577e-30  4.12396e-27  1.44306e-20  4.06559e-10  
5.45538e-32  2.81324e-27  1.07064e-23  4.36694e-35  4.57151e-21  5.33393e-17  3.81269e-46  6.8043e-44  4.32281e-35  7.1091e-29  4.71189e-34  7.31049e-21  3.0732e-30  6.775e-20  7.5735e-25  5.82521e-10  
4.23692e-33  5.47988e-29  7.55755e-24  1.27071e-36  4.93361e-23  6.86329e-16  2.17979e-50  1.56062e-48  3.89978e-39  1.19304e-32  8.35918e-39  1.87509e-20  3.02679e-31  2.39277e-22  4.87296e-24  4.87194e-10  
4.43124e-31  1.21685e-26  5.82807e-24  8.5849e-32  8.6561e-20  2.77121e-18  9.86536e-41  5.16443e-45  1.9242e-35  4.42034e-27  5.77757e-32  1.91067e-20  1.70227e-30  2.54921e-21  3.63619e-24  5.91647e-10  
2.92917e-28  1.40354e-25  6.85729e-22  2.6249e-31  4.50262e-20  2.832e-18  3.21137e-44  5.18053e-45  4.96035e-32  7.22037e-29  7.2862e-35  4.49505e-19  9.99009e-29  2.79956e-22  1.20105e-23  2.8876e-10  
9.25722e-12  3.15598e-16  2.30024e-10  3.73977e-16  2.12157e-13  1.18126e-14  5.85056e-25  2.6265e-15  8.77815e-18  1.05988e-17  2.26682e-27  9.17489e-10  3.47792e-11  3.34353e-20  1.38429e-11  1.67414e-09  
3.84851e-15  8.67416e-20  2.7626e-11  5.01026e-23  4.85348e-19  3.96018e-10  7.12752e-36  8.81557e-17  5.11636e-19  3.95485e-24  2.85141e-37  1.19543e-08  1.42059e-12  2.92553e-23  4.88353e-11  5.53723e-10  
2.41519e-19  2.30936e-23  5.27638e-14  1.98195e-29  2.15833e-24  1.25718e-08  3.52345e-42  1.40213e-22  8.31332e-29  1.40495e-30  1.59313e-44  1.19761e-09  2.2309e-17  1.60805e-26  3.30906e-10  4.25529e-10  
7.30824e-21  5.01317e-27  7.58348e-16  2.14916e-31  2.0633e-25  1.59212e-09  6.27379e-47  5.73743e-25  8.17219e-29  1.92758e-32  3.56037e-46  7.51044e-11  1.10228e-17  1.83901e-26  4.2347e-12  4.43215e-11  
2.10232e-20  2.35196e-28  3.26682e-17  3.12838e-32  1.76972e-27  9.56368e-11  4.66013e-48  8.63621e-24  3.99369e-30  6.24361e-34  2.03865e-48  6.03544e-12  3.41552e-18  7.18273e-27  2.36029e-12  1.31715e-11  
1.15986e-21  1.09363e-31  1.03312e-18  7.90184e-33  7.92985e-29  5.31791e-12  3.90291e-50  1.6129e-26  1.69013e-35  1.13132e-36  7.75057e-52  1.3687e-13  5.0079e-21  5.18454e-30  4.30626e-13  1.78516e-12  
5.68721e-18  3.04268e-28  1.76027e-16  1.61423e-31  2.57785e-28  1.9725e-12  5.60263e-49  1.83245e-21  1.76743e-33  6.78239e-35  9.18596e-51  8.85851e-12  1.11691e-18  5.85928e-29  2.33404e-11  6.5411e-12  
2.08467e-16  5.19966e-28  1.84734e-15  1.40712e-30  8.46886e-30  9.0346e-14  1.37742e-50  6.03212e-22  1.36822e-31  1.01507e-36  4.72304e-55  9.80016e-12  1.11767e-18  7.12501e-32  8.42118e-11  4.76923e-13  
2.83881e-18  2.16893e-32  1.14627e-17  1.68292e-30  8.5095e-32  1.91283e-15  1.30703e-49  6.51551e-26  2.52412e-36  3.90258e-38  2.84105e-56  4.44156e-14  2.91249e-22  1.06032e-33  1.55108e-12  3.18858e-14  
6.69496e-15  1.3566e-28  8.34963e-14  5.99222e-28  4.98005e-29  9.45218e-15  5.85466e-48  1.92936e-21  8.80792e-31  1.71769e-35  1.26386e-54  1.67332e-11  6.04779e-19  7.20104e-34  1.17647e-10  1.34881e-13  
3.39973e-16  7.95896e-29  5.77611e-15  1.31879e-28  5.88831e-29  6.21091e-14  1.71281e-47  1.4766e-21  6.76747e-34  9.36303e-36  5.83695e-54  5.39572e-12  5.61101e-20  4.81987e-34  3.40377e-10  2.97683e-13  
7.10203e-14  1.66112e-26  1.68812e-13  1.9832e-24  1.71796e-26  7.41852e-15  3.13386e-41  1.16313e-19  2.70595e-29  7.27143e-32  6.47854e-49  1.04749e-11  5.71109e-18  4.21927e-32  1.55721e-09  6.0601e-13  
1.22447e-14  1.33042e-26  5.31839e-14  3.19424e-25  4.60096e-27  8.51114e-14  2.69445e-42  1.05117e-19  1.3896e-29  9.13712e-33  9.64994e-50  2.91766e-11  4.03656e-18  1.26886e-32  2.08274e-09  8.67008e-13  
2.46924e-13  9.6315e-28  2.96157e-14  3.59516e-24  8.1423e-27  2.1018e-16  8.5045e-42  6.0051e-20  1.95644e-30  9.11592e-33  1.60616e-49  1.24355e-12  7.09043e-18  1.51241e-32  4.65742e-10  1.29727e-13  
1.51376e-14  2.46252e-26  3.95173e-15  6.78167e-27  2.70804e-28  2.09574e-16  5.88512e-46  3.34841e-19  1.88296e-32  5.33482e-36  3.9579e-53  7.09236e-13  2.4925e-18  1.5544e-34  2.85244e-09  9.84807e-14  
1.5161e-14  6.779e-28  3.50663e-15  1.72804e-27  2.91687e-28  3.00747e-16  9.79906e-48  5.14621e-20  1.4901e-32  7.3925e-37  5.36514e-54  1.00221e-12  6.46075e-18  2.15448e-34  3.55361e-10  7.4658e-14  
3.04919e-19  2.0702e-25  3.01192e-16  3.11789e-32  4.08767e-27  6.87088e-11  2.53547e-50  1.25537e-22  1.68787e-31  1.5923e-36  2.39306e-52  4.68246e-11  2.47514e-17  9.13432e-30  3.80553e-11  2.17495e-11  
3.53298e-17  2.5273e-18  6.03497e-12  1.95763e-28  1.34694e-22  1.31221e-08  7.89907e-43  4.1654e-19  6.93858e-24  7.38378e-31  1.95346e-46  3.56481e-08  1.28009e-14  3.4937e-27  2.9036e-10  7.8611e-10  
2.01025e-21  1.0032e-21  1.4007e-13  1.18054e-30  8.72482e-22  5.94967e-08  6.16337e-43  1.92527e-24  4.0019e-26  4.41049e-28  9.32124e-42  3.45072e-09  5.1195e-18  1.67372e-24  9.24602e-13  2.85808e-09  
4.62626e-16  1.41498e-17  1.88981e-11  1.37023e-20  3.74607e-15  1.25723e-10  1.14789e-26  3.10934e-22  1.67769e-22  6.31887e-20  7.51633e-30  1.44794e-08  3.38759e-14  3.68965e-21  4.19441e-13  1.21904e-08  
8.77891e-16  9.7831e-18  4.4297e-14  5.99923e-19  6.69415e-14  2.55172e-18  6.07122e-29  3.02937e-31  3.30426e-23  7.42076e-22  7.17251e-33  2.04948e-12  4.94709e-17  1.53193e-24  8.1389e-19  7.36182e-11  
1.95167e-16  4.11762e-17  1.02474e-13  8.22249e-21  4.04279e-15  1.96114e-17  6.73749e-34  2.40962e-27  1.11502e-20  9.80525e-24  1.41243e-34  5.73855e-13  1.24523e-18  4.25886e-25  4.33578e-17  4.80835e-10  
5.29784e-16  4.38164e-19  8.25098e-14  3.59076e-21  2.4806e-18  1.77553e-19  7.34299e-37  4.28757e-35  1.26173e-23  2.90453e-27  8.27532e-40  1.25597e-13  2.85218e-24  6.53713e-30  1.71684e-17  7.86122e-11  
5.87496e-22  8.48865e-24  3.33335e-17  3.77842e-28  6.18933e-21  4.55861e-17  6.34873e-44  2.50507e-41  1.77888e-28  1.80449e-29  5.95895e-39  2.37598e-15  2.28906e-27  1.12667e-25  2.82508e-21  4.35821e-10  
6.52529e-31  1.18999e-30  6.15478e-23  3.96511e-37  1.06675e-25  1.84688e-16  2.585e-55  3.99635e-54  4.98924e-37  3.97879e-37  2.89213e-46  3.19603e-19  1.26977e-36  3.99578e-29  4.59117e-25  5.34675e-11  
3.8652e-27  1.16478e-28  2.75959e-20  1.93412e-32  4.33435e-24  1.00764e-15  7.93646e-49  8.54856e-50  2.42505e-34  2.20982e-34  1.67643e-43  7.07635e-17  1.00283e-32  1.76577e-28  5.06166e-23  1.74053e-10  
3.85449e-31  8.56622e-28  1.61e-22  2.89584e-34  7.05329e-22  2.36273e-15  1.10517e-46  6.39194e-45  1.1599e-35  6.76096e-31  4.58197e-38  1.23457e-18  9.57546e-31  7.17524e-24  6.75769e-23  8.23077e-10  
3.36752e-23  8.47725e-22  8.89722e-18  4.34093e-27  2.67073e-18  7.44184e-15  5.21078e-38  1.04267e-33  1.52646e-26  3.45087e-24  2.5709e-31  1.07218e-15  5.47309e-24  6.69699e-20  5.12734e-19  1.08492e-08  
1.59653e-16  1.83737e-16  2.52495e-14  3.64151e-18  3.49115e-14  1.92011e-14  1.17913e-21  4.83309e-21  1.51007e-15  8.55364e-16  2.33583e-21  8.6388e-14  1.2926e-17  9.65139e-16  6.40523e-16  1.06666e-08  
4.84221e-11  2.64943e-16  1.89754e-11  1.16766e-15  9.86177e-15  2.21031e-18  4.65486e-25  1.33498e-15  4.70145e-10  1.85481e-15  2.28565e-23  3.32925e-12  3.70745e-15  5.63249e-19  2.02365e-15  1.30966e-10  
1.14756e-10  2.83639e-15  4.18822e-10  3.55691e-21  2.65357e-18  1.13937e-22  1.57974e-39  2.9836e-14  1.76516e-08  4.65064e-25  1.51341e-39  1.20307e-13  4.03958e-15  4.62667e-27  8.45955e-16  1.9298e-13  
1.01492e-10  2.42056e-13  8.90094e-09  2.26541e-22  8.76449e-19  8.67738e-21  1.20316e-40  2.96093e-14  6.9732e-08  3.33873e-27  1.24426e-42  6.38725e-12  9.23845e-15  1.03167e-28  1.868e-15  2.6368e-13  
2.70524e-10  8.86108e-11  3.38734e-07  1.03251e-20  1.6336e-16  3.64194e-19  5.07872e-38  3.45389e-16  5.04681e-09  1.3093e-25  1.25157e-40  9.80538e-11  2.93948e-14  6.84746e-28  3.14243e-13  5.50549e-12  
1.33196e-10  1.80756e-10  7.35254e-07  8.14655e-22  7.39753e-18  7.04888e-18  8.47891e-40  2.12058e-16  4.68582e-10  3.4123e-28  1.28795e-44  9.83933e-10  8.51262e-15  4.37586e-30  1.67522e-13  2.16679e-12  
1.06774e-10  6.00043e-10  5.08268e-07  2.69264e-21  4.0271e-17  3.82777e-17  8.54849e-39  1.27201e-16  1.67525e-12  1.03556e-27  4.91901e-44  1.08936e-09  9.47196e-15  8.37454e-30  3.01599e-12  6.68558e-12  
3.85111e-10  1.76208e-09  3.22823e-07  1.78945e-19  1.65507e-15  8.00669e-20  2.29982e-36  1.05582e-16  1.03724e-11  6.44136e-26  2.15376e-41  4.43078e-11  1.33107e-14  5.40155e-29  1.28407e-12  2.93282e-12  
1.71653e-11  1.21109e-10  1.85591e-07  1.11585e-21  1.2541e-17  7.73036e-20  1.46345e-40  1.11639e-16  8.46696e-14  5.32192e-29  1.90353e-46  3.6553e-11  5.6309e-16  6.25103e-32  6.41293e-13  2.85504e-13  
5.21114e-12  5.8861e-11  3.42978e-09  3.56909e-21  7.66596e-16  8.29002e-25  5.30751e-41  1.07762e-17  4.94348e-15  2.60808e-28  5.89622e-44  2.76539e-14  5.18736e-16  3.58679e-31  1.98202e-13  3.88845e-14  
1.44986e-13  1.432e-11  1.45047e-09  4.28602e-24  3.55064e-18  2.69108e-22  2.84265e-45  2.80252e-20  4.53886e-19  1.21079e-32  3.24918e-49  4.44954e-13  7.33341e-18  1.13531e-34  8.14798e-14  2.23839e-14  
9.42846e-12  2.77e-10  1.50714e-09  1.01175e-20  9.95714e-16  7.78304e-25  1.11246e-39  6.18454e-19  2.302e-17  3.67315e-29  1.96972e-44  5.28878e-14  3.99689e-16  1.46784e-32  8.35397e-14  1.09135e-14  
6.71407e-11  3.77732e-10  8.15254e-09  2.18785e-19  1.33955e-15  2.08807e-22  4.05814e-37  3.12867e-17  1.13131e-15  2.3035e-27  1.51502e-42  2.95831e-12  3.24621e-15  1.24341e-31  7.5531e-13  9.06328e-14  
2.80386e-10  2.4973e-10  4.02511e-08  3.48326e-18  3.97887e-15  4.88556e-20  3.93877e-36  1.60765e-16  3.33715e-12  4.11051e-25  1.35679e-39  8.97618e-11  7.8314e-14  2.12697e-29  4.28387e-12  1.42304e-12  
4.41186e-10  1.61861e-12  6.24991e-10  1.55651e-14  6.76119e-15  3.12098e-18  3.81593e-25  2.43099e-17  4.78624e-16  7.83737e-20  5.12235e-31  1.47463e-09  1.99581e-14  1.78031e-26  1.36397e-11  1.12154e-11  
7.57501e-15  1.76419e-14  4.01368e-11  4.4832e-19  5.75995e-16  6.5578e-12  2.39737e-27  4.21443e-21  2.11206e-20  3.34889e-20  2.45576e-30  3.33377e-09  6.81885e-16  5.90885e-23  1.61705e-10  1.51861e-09  
2.08688e-13  3.81968e-12  1.79573e-09  4.06842e-19  1.47926e-16  1.43385e-12  2.84178e-30  2.5012e-19  3.33545e-16  1.73537e-23  3.54138e-36  2.97741e-07  7.08338e-14  1.74346e-27  3.37727e-11  3.81456e-10  
3.01794e-11  3.2895e-11  2.01003e-08  3.19814e-18  7.95033e-16  6.02499e-14  3.26156e-33  4.50308e-17  9.26574e-14  4.27172e-25  2.04274e-39  1.96651e-07  1.53432e-11  6.0687e-29  8.39437e-11  1.12832e-10  
6.14624e-15  2.60252e-16  7.1386e-11  2.49072e-21  5.78931e-18  5.24905e-11  4.66414e-34  2.13416e-17  6.2088e-19  2.06519e-26  1.20288e-38  6.23497e-07  1.91019e-12  3.52042e-28  2.07548e-11  2.33082e-10  
9.70756e-13  1.39238e-15  1.11687e-09  2.1632e-20  2.89367e-17  1.16018e-13  4.4909e-34  2.22685e-17  3.7261e-17  3.16949e-25  2.01194e-38  1.73209e-07  1.59216e-12  1.82857e-28  5.25162e-12  1.24159e-10  
9.15745e-14  2.69885e-17  4.15923e-10  1.07838e-19  4.66367e-17  2.36108e-13  1.94711e-31  1.23324e-21  3.91049e-18  2.06872e-23  6.87507e-37  6.60944e-08  2.07239e-14  6.09482e-28  2.2247e-14  2.23405e-10  
7.83979e-14  8.48955e-16  3.03728e-09  4.67683e-21  4.4975e-18  1.1146e-11  9.0765e-35  1.05809e-19  3.06761e-17  6.33386e-26  7.32278e-41  4.52642e-07  2.58165e-14  2.34549e-29  3.18985e-12  3.56481e-10  
9.50338e-13  3.35013e-16  4.65073e-09  1.16956e-20  3.46103e-18  1.58784e-12  2.62935e-36  4.82682e-17  7.80368e-17  5.49109e-27  3.15595e-42  1.69503e-07  2.36818e-13  1.641e-29  2.36293e-11  1.26269e-10  
2.08262e-13  2.15131e-16  9.11741e-10  5.59029e-22  2.50546e-19  1.89551e-11  3.37756e-36  5.04068e-17  1.0331e-18  3.96754e-28  2.91775e-42  3.78135e-07  4.29821e-13  5.73435e-29  5.29549e-11  2.157e-10  
4.71878e-13  4.05893e-16  6.45687e-09  8.35434e-22  2.92474e-19  1.39397e-13  8.93936e-36  4.91438e-17  5.60853e-18  3.9603e-26  7.38774e-43  2.94887e-08  3.66585e-15  5.4601e-30  2.11212e-11  1.66865e-10  
2.45263e-14  6.93569e-26  1.06241e-13  1.43439e-24  1.72596e-24  2.83193e-18  1.14243e-39  7.65958e-21  8.3309e-27  2.52677e-27  7.70877e-43  8.80538e-14  1.98422e-19  1.36262e-28  3.42673e-12  1.48127e-12  
2.4313e-19  1.50321e-34  6.28615e-17  2.49054e-30  3.11732e-32  3.43356e-16  9.48353e-47  7.75967e-30  2.94525e-38  1.34603e-33  1.72127e-51  3.10007e-15  1.61548e-26  1.95229e-32  7.32395e-13  1.84939e-13  
7.73098e-23  4.78863e-35  4.49226e-19  1.24971e-33  1.24861e-32  9.93608e-14  7.06093e-48  4.66933e-31  5.04135e-41  8.39549e-34  2.05869e-50  3.4746e-16  7.37867e-27  4.22208e-29  1.52204e-13  1.68349e-12  
4.41001e-23  3.05668e-34  7.54161e-19  8.80295e-34  1.16824e-31  5.72371e-13  2.06206e-48  1.32752e-29  4.52289e-39  9.42984e-33  1.62747e-49  8.78894e-16  3.38404e-26  4.63951e-28  3.12156e-13  3.40857e-12  
1.67155e-24  1.56009e-36  8.047e-21  2.83788e-34  3.94893e-31  3.02769e-13  1.5208e-48  1.00902e-31  1.5867e-42  4.516e-33  6.99727e-48  2.76878e-17  3.67939e-27  1.90461e-27  1.36217e-14  3.41506e-12  
2.81682e-26  1.3234e-37  2.63459e-22  4.0495e-36  3.7089e-32  3.54629e-13  6.38411e-48  1.5199e-32  2.37163e-47  9.01617e-34  4.03561e-48  1.43358e-17  1.03001e-27  2.11276e-27  1.60578e-14  1.49706e-12  
4.30031e-25  6.4036e-37  3.33259e-22  7.04661e-35  1.06061e-31  7.37532e-14  2.75191e-48  4.7111e-33  8.09592e-46  8.73858e-34  7.09443e-48  6.52913e-18  2.22105e-27  1.63599e-27  1.55553e-14  1.88688e-12  
3.47469e-26  3.97323e-37  1.21058e-22  6.10162e-36  1.78358e-32  2.80375e-12  4.08547e-48  4.06791e-34  9.87747e-44  2.4062e-34  8.56649e-48  1.94927e-17  2.14836e-27  1.73037e-26  2.80761e-15  4.23428e-12  
2.13525e-26  2.80214e-38  1.28575e-22  1.16575e-35  6.86303e-32  2.14149e-12  1.22623e-48  6.04133e-35  1.78639e-44  9.34365e-34  5.04217e-47  1.09752e-17  6.32615e-28  1.47929e-26  2.96325e-15  3.57542e-12  
2.7711e-25  4.89394e-35  1.02432e-20  1.69716e-35  8.67088e-31  4.6479e-11  2.57272e-48  1.71683e-31  2.04737e-42  5.39554e-33  7.84628e-47  1.03189e-15  1.93883e-25  4.77072e-26  2.67679e-13  1.32469e-11  
2.21129e-24  8.04808e-36  2.7832e-21  6.04256e-34  7.00672e-31  1.50745e-12  1.68253e-47  5.73106e-33  1.18888e-42  5.33136e-33  2.15038e-46  8.36941e-17  2.07392e-26  1.63129e-26  3.71271e-14  7.97141e-12  
1.85704e-26  4.93041e-38  3.43407e-23  5.13618e-36  2.30679e-32  3.57462e-12  4.07345e-48  4.73848e-35  2.9136e-45  1.23781e-34  2.13913e-47  2.10168e-17  2.16321e-27  7.42855e-27  4.1742e-15  3.38136e-12  
3.69836e-24  3.09566e-36  7.04209e-22  6.26261e-34  1.89918e-31  2.64532e-12  7.22667e-47  7.65116e-34  5.17904e-42  8.83604e-34  3.38407e-46  1.38459e-16  4.85354e-26  2.32197e-26  1.04591e-14  8.26387e-12  
1.34257e-26  2.50996e-38  5.62503e-23  1.35859e-35  6.43798e-32  4.05133e-12  7.51125e-47  8.26214e-35  2.88787e-45  1.15175e-33  3.51771e-46  4.12088e-17  1.13941e-27  1.02856e-26  4.46773e-15  3.56056e-12  
8.41952e-25  2.5231e-36  4.07528e-22  8.13632e-34  1.43108e-30  2.40088e-12  4.50624e-46  4.33007e-34  1.54046e-41  1.16758e-32  3.12837e-44  1.30713e-16  5.23547e-26  2.34611e-25  4.75076e-15  1.16388e-11  
9.13527e-28  1.85811e-38  3.2558e-23  1.9073e-36  1.1685e-31  9.76192e-12  7.59388e-47  1.69071e-35  9.98348e-44  2.9354e-33  4.0224e-45  1.88047e-17  1.02792e-27  3.24567e-25  3.90243e-16  4.81424e-12  
8.92815e-30  2.21346e-39  1.28386e-23  2.39574e-38  2.54407e-31  9.14808e-12  3.25838e-48  4.49701e-36  1.11275e-45  5.27343e-33  3.33131e-44  3.32033e-18  2.97582e-28  1.24999e-23  3.82071e-17  3.61651e-12  
2.38805e-33  2.17051e-38  1.0193e-23  1.49726e-40  2.38224e-30  1.94083e-11  2.71304e-47  1.43857e-36  7.3211e-53  4.76957e-32  3.57389e-43  5.30393e-18  3.98941e-29  4.3452e-23  3.46635e-16  3.22178e-12  
7.66415e-29  9.32471e-33  5.56286e-19  1.56831e-35  6.83967e-27  1.26649e-09  8.95442e-41  8.88121e-33  5.69001e-37  4.6162e-29  2.09091e-39  1.44134e-14  6.81229e-25  1.79021e-22  4.00344e-16  9.63659e-11  
1.51906e-23  1.15147e-24  3.83114e-15  5.92099e-29  1.71023e-21  4.38237e-08  1.40669e-32  4.75618e-26  2.16736e-30  2.59982e-24  2.21549e-34  6.66637e-11  9.35035e-20  1.8718e-21  3.46255e-13  4.51722e-09  
1.52125e-11  7.00146e-15  1.09528e-08  3.47743e-19  1.53261e-16  1.74513e-13  1.09044e-28  7.79895e-18  7.8131e-20  5.6448e-23  7.8748e-36  4.30673e-08  1.324e-12  6.7836e-26  5.36487e-11  5.7603e-10  
1.01523e-13  2.13747e-16  6.5052e-10  1.49611e-22  2.10939e-17  2.30121e-12  1.33309e-35  6.45434e-25  2.47677e-18  7.48793e-25  1.59011e-38  4.1654e-09  1.18184e-14  5.31208e-25  2.66099e-14  1.02359e-09  
6.58278e-15  8.32312e-15  1.52769e-11  4.72265e-21  2.01705e-15  3.59762e-17  3.61551e-37  3.25186e-31  1.20404e-17  3.50531e-23  2.11531e-34  2.56996e-13  2.56965e-19  1.01986e-22  1.01619e-16  7.63768e-10  
2.18847e-16  3.80838e-17  5.74482e-11  4.37173e-24  7.2153e-19  3.15856e-12  2.91165e-39  7.09207e-32  1.36804e-19  8.97089e-26  1.22897e-38  6.58963e-11  8.87809e-21  4.86633e-25  1.33362e-14  3.49423e-09  
1.7322e-14  1.92481e-19  1.6647e-10  5.32432e-22  1.04504e-19  1.65879e-12  6.18502e-36  9.18514e-24  8.86279e-23  1.28619e-23  1.84006e-36  2.17489e-09  3.34553e-17  6.77265e-26  1.21708e-09  3.75234e-10  
4.37585e-19  2.98391e-20  2.34163e-13  1.08774e-25  1.91172e-22  3.56449e-11  4.35469e-36  7.72811e-27  9.77447e-26  3.21284e-26  9.49576e-39  8.93135e-10  1.12332e-20  2.43169e-27  7.28786e-11  1.83291e-10  
6.42807e-23  1.94359e-20  1.59832e-16  7.25055e-28  1.29377e-21  2.1121e-12  7.07575e-34  2.95291e-29  5.85075e-29  7.60874e-26  6.65705e-35  5.2706e-11  2.06804e-22  1.99315e-25  1.35755e-14  6.54277e-11  
1.46125e-23  1.78004e-19  6.54402e-17  3.15396e-28  7.95536e-21  1.79241e-11  4.32115e-33  6.66915e-26  3.56404e-28  1.92082e-26  2.98349e-34  8.05322e-11  5.96509e-22  7.79232e-25  8.04801e-15  1.19066e-10  
4.00749e-18  1.21549e-15  3.03195e-12  2.39823e-24  1.57094e-19  3.31049e-11  2.26913e-33  1.97523e-20  2.99867e-20  1.30088e-25  1.1376e-36  1.53589e-08  2.0771e-19  1.45594e-26  1.53683e-13  3.09835e-10  
2.10345e-16  6.77077e-14  1.08491e-10  1.41903e-23  9.23861e-20  6.17263e-12  4.23478e-35  2.83353e-20  6.34713e-19  1.46551e-27  2.69983e-40  3.73858e-08  2.36612e-19  4.82111e-29  5.11464e-13  1.26921e-10  
4.07119e-16  3.70985e-13  6.61867e-11  1.8446e-22  2.32908e-19  2.59907e-13  1.1705e-32  8.52898e-21  2.78564e-20  2.74299e-27  1.2588e-39  1.14435e-08  3.29421e-20  1.78327e-29  4.52785e-13  7.96831e-11  
1.65709e-15  1.05338e-12  4.34701e-11  2.99956e-20  2.28247e-18  1.22357e-14  1.43729e-29  1.29512e-21  2.31649e-20  5.56866e-26  3.7335e-38  3.74128e-09  2.14499e-20  3.56098e-29  1.28236e-13  3.88229e-11  
1.49272e-14  1.07513e-12  7.19046e-10  2.89907e-20  7.03434e-19  4.95116e-14  2.41429e-32  8.58845e-22  1.92189e-19  1.325e-27  4.62522e-41  6.80533e-09  2.93978e-19  4.75115e-30  3.68625e-13  1.13512e-11  
7.81354e-12  1.98297e-10  2.93275e-08  1.59119e-19  1.94445e-17  1.12229e-16  8.40164e-33  6.72106e-18  4.2812e-15  9.81069e-27  2.25756e-40  1.76169e-09  2.74095e-17  3.43132e-29  8.13088e-14  4.93902e-12  
1.12491e-11  5.22565e-10  2.85749e-08  2.83956e-18  5.01046e-17  6.45802e-17  6.77208e-29  2.79779e-17  6.54491e-17  2.71252e-25  1.10353e-38  1.49461e-09  3.71282e-17  1.4901e-28  1.70248e-13  4.54255e-12  
2.31133e-11  1.59249e-08  6.2791e-09  5.37033e-20  1.65343e-15  9.27342e-19  7.17052e-30  5.45816e-14  1.57116e-15  1.06615e-24  4.69588e-36  1.275e-11  6.73486e-15  1.89365e-25  3.04787e-14  3.20928e-12  
1.55656e-11  4.78047e-10  2.84042e-09  1.1308e-16  1.14671e-15  1.27109e-19  4.59957e-26  4.58569e-18  1.77305e-18  7.65708e-24  2.85473e-36  1.70495e-11  1.79586e-17  3.14747e-27  3.10384e-15  5.04229e-13  
8.37464e-10  3.02068e-10  2.37321e-08  5.89535e-18  1.32504e-16  1.40896e-19  1.09786e-29  5.67822e-12  1.47126e-14  2.5124e-24  2.79013e-38  5.78726e-11  4.00449e-14  5.3988e-28  2.26423e-12  7.45194e-13  
5.14248e-11  4.1439e-11  1.06728e-08  4.44843e-19  1.05695e-16  1.25215e-20  2.72857e-30  1.83104e-14  1.23307e-15  1.65871e-24  6.60038e-38  1.50758e-11  8.49285e-16  1.52061e-28  1.21876e-14  2.5072e-13  
5.6039e-11  4.17789e-12  1.92151e-09  1.37474e-19  6.14192e-17  1.58268e-22  3.29298e-32  4.17446e-14  1.31638e-15  7.82884e-25  8.59113e-39  1.07852e-12  1.6091e-15  4.96541e-29  3.17038e-14  1.19291e-13  
3.20309e-14  8.2206e-16  8.97345e-12  1.46512e-23  9.36007e-20  4.50552e-24  5.87801e-39  2.20223e-18  1.62883e-21  2.03921e-28  5.5357e-44  1.38211e-14  7.33785e-19  6.88501e-32  4.24601e-16  1.05952e-14  
1.28938e-15  3.42914e-18  2.57111e-13  2.86764e-23  1.93967e-20  2.6222e-25  3.91311e-39  8.73235e-21  8.55577e-23  5.82292e-28  5.04242e-44  4.80984e-16  7.588e-21  1.10724e-32  2.8859e-17  4.27939e-15  
6.76151e-13  1.4798e-15  3.84739e-10  1.84204e-22  1.18678e-19  4.55005e-24  7.15513e-41  9.47082e-18  4.74699e-18  2.52096e-28  1.14754e-45  1.04032e-14  4.75243e-18  4.24106e-32  5.39839e-14  1.32465e-14  
9.90544e-12  8.89471e-16  3.77176e-09  2.31464e-23  6.02034e-22  1.17206e-21  1.92222e-44  5.85838e-16  4.10913e-16  7.8587e-31  4.6825e-51  3.32415e-13  4.42556e-17  5.8689e-34  2.5163e-11  1.67077e-14  
4.2562e-12  4.00487e-16  1.44371e-09  2.09868e-22  1.16482e-21  2.47807e-22  2.19778e-43  7.42525e-17  3.94218e-17  6.19455e-30  3.78257e-50  4.12908e-14  4.60046e-18  3.24665e-33  5.53939e-11  2.0215e-14  
3.80794e-15  2.34336e-17  1.14583e-09  3.57892e-27  7.04845e-26  3.68023e-20  1.34037e-50  2.03269e-20  1.26028e-19  5.87066e-35  3.02575e-58  5.62705e-13  4.18232e-21  5.19728e-36  2.18286e-12  8.83636e-15  
6.8817e-14  5.5622e-17  1.02286e-09  3.70182e-25  6.06038e-24  6.15586e-18  7.86151e-48  5.24735e-18  8.74525e-17  1.76094e-32  1.07771e-53  3.42534e-12  9.52791e-20  5.70351e-34  1.66434e-11  1.57052e-13  
1.10761e-15  1.35768e-18  1.10707e-10  3.08016e-27  7.54567e-26  3.02666e-16  1.50129e-50  1.53553e-19  5.18217e-18  2.17901e-34  7.7084e-56  8.39924e-12  1.46479e-21  3.89348e-35  6.04012e-12  2.66942e-13  
6.97647e-14  2.28528e-16  2.55189e-09  3.26571e-24  2.88386e-23  7.30976e-16  4.30293e-45  4.26728e-18  1.86279e-15  6.93926e-31  4.88458e-51  5.58973e-11  2.31376e-19  2.51875e-32  1.49292e-11  1.17503e-12  
2.69105e-15  2.57824e-17  3.39813e-10  2.07013e-26  2.9601e-25  1.08521e-14  6.86089e-47  1.80148e-18  2.72567e-17  5.75297e-33  1.23978e-53  1.23098e-10  1.86795e-20  1.8993e-33  1.10898e-11  1.19505e-12  
1.4147e-13  1.45559e-16  1.19865e-09  2.27413e-25  8.04461e-24  2.5613e-16  1.12741e-47  2.35968e-17  1.93481e-14  4.58319e-32  4.36188e-52  3.7475e-11  6.9269e-19  2.10175e-32  8.92692e-12  8.19555e-13  
2.79984e-14  1.0674e-16  1.12371e-09  1.14082e-25  7.87348e-24  1.14882e-13  3.24001e-46  2.09846e-17  3.00421e-14  3.61246e-31  1.97001e-50  7.39207e-10  8.80526e-19  6.0389e-31  7.09139e-12  6.80553e-12  
1.73481e-14  5.17952e-17  9.60622e-10  7.11135e-26  6.21399e-24  8.49868e-14  1.01234e-46  4.59296e-18  1.96495e-14  3.89218e-31  2.72663e-50  4.03035e-10  4.61919e-19  8.04272e-31  5.65804e-12  5.89086e-12  
1.55581e-15  1.92055e-17  3.26705e-10  1.17772e-26  3.13396e-24  1.44433e-12  2.06813e-46  6.41874e-19  8.87709e-15  5.70297e-31  1.62422e-49  7.72386e-10  1.95985e-19  9.61142e-30  1.65908e-12  1.43577e-11  
2.8509e-18  3.85956e-19  8.64381e-12  7.68864e-28  4.86666e-24  1.67736e-10  1.3204e-45  5.77846e-21  1.46124e-17  1.52634e-30  2.27685e-47  4.39242e-10  6.34739e-21  7.37106e-29  8.33007e-13  5.87354e-11  
1.14524e-17  1.05777e-17  2.23093e-11  4.51849e-28  7.24721e-23  7.45458e-10  1.24684e-45  7.41504e-21  3.86433e-16  3.90657e-30  2.62263e-45  2.51519e-09  1.39339e-19  8.69656e-27  1.37546e-13  1.78132e-10  
4.00353e-19  6.82e-19  3.03574e-12  2.73507e-29  2.6499e-23  4.36462e-09  3.31431e-45  2.92928e-21  1.4629e-17  2.31525e-29  5.35729e-44  1.34918e-09  9.33597e-20  1.5448e-25  2.06797e-13  3.84303e-10  
5.27206e-21  1.63639e-20  2.41554e-13  8.12251e-31  5.01332e-24  6.74998e-09  5.76989e-45  1.59371e-21  5.01468e-20  6.33389e-29  1.50745e-43  2.58539e-10  5.94708e-21  6.44499e-25  9.22657e-14  3.56844e-10  
2.82346e-20  1.00433e-20  1.59344e-13  5.6134e-30  5.54244e-24  5.20013e-09  2.60531e-43  2.33286e-20  1.49887e-19  6.19619e-28  2.3666e-42  1.54527e-10  2.25383e-20  3.10241e-24  4.58403e-13  6.0401e-10  
4.19381e-22  1.88968e-21  2.62312e-14  1.53018e-30  2.15154e-23  1.48535e-08  2.8417e-42  2.29897e-22  2.75501e-20  1.89539e-27  1.56031e-40  3.49911e-11  2.24275e-21  3.25428e-23  6.11782e-14  1.02855e-09  
1.4577e-23  1.3416e-21  6.65867e-15  4.26039e-33  1.80715e-24  5.54597e-08  3.27881e-45  1.4952e-23  4.81341e-23  1.87298e-29  6.19592e-43  5.57392e-11  2.05437e-21  1.1787e-23  5.31049e-14  5.95672e-10  
1.28756e-24  1.03429e-22  1.70614e-15  4.35213e-34  6.61751e-25  4.78159e-08  1.05747e-46  5.00878e-25  1.18542e-23  3.31169e-30  1.47972e-43  1.48934e-11  1.97298e-22  7.33905e-24  1.28189e-14  4.07323e-10  
1.87748e-28  3.78074e-26  4.37696e-18  8.08544e-38  1.51963e-26  3.02081e-08  6.8451e-51  1.08993e-28  1.39395e-26  8.5049e-33  6.5746e-46  1.97466e-13  9.60574e-24  1.24934e-24  1.76754e-15  8.83553e-11  
2.70261e-27  6.04987e-25  3.38185e-17  6.97535e-37  6.70458e-26  3.2807e-08  8.25486e-51  2.22402e-28  3.37456e-27  6.98999e-32  7.0552e-45  9.31466e-13  4.78626e-23  6.20254e-24  7.4435e-15  1.84025e-10  
1.62872e-27  1.66687e-25  1.15174e-17  6.99934e-36  4.94627e-26  2.24443e-08  1.46619e-45  4.99434e-28  2.83582e-27  1.0255e-29  2.27803e-42  8.53977e-14  1.35023e-22  2.50551e-22  1.36111e-14  4.46972e-10  
2.18545e-23  5.14569e-24  1.35175e-16  1.72013e-34  1.47145e-26  2.12849e-08  1.05874e-45  1.04538e-24  1.38427e-26  5.79494e-30  3.63108e-43  4.89413e-12  3.0568e-20  2.07154e-22  1.02422e-12  8.71451e-10  
3.9764e-25  3.69812e-24  4.69503e-17  5.2673e-35  3.57397e-25  1.01773e-07  7.75961e-45  1.0513e-26  1.88255e-27  2.37316e-29  5.64868e-41  3.57107e-12  7.31947e-20  2.61288e-21  3.7305e-13  1.25032e-09  
6.13134e-24  6.13492e-23  3.64783e-16  1.05981e-31  1.2183e-21  1.70021e-07  5.47038e-38  3.30577e-25  6.40467e-25  3.0912e-25  2.16165e-34  1.63384e-11  8.61401e-18  7.38414e-19  2.03278e-13  9.10534e-09  
3.38314e-32  2.61855e-27  1.90236e-22  1.05718e-39  1.58685e-23  4.89969e-10  1.8555e-45  5.53739e-29  1.15312e-33  9.96996e-30  6.02899e-38  1.07165e-15  1.17745e-20  3.65297e-19  5.53902e-18  1.73817e-10  
4.39901e-21  1.31366e-21  3.929e-15  1.40521e-29  2.19541e-20  4.99056e-10  9.75984e-41  2.74623e-25  1.34753e-25  4.36958e-26  7.66886e-37  1.89481e-10  5.58062e-17  3.98946e-21  9.12214e-14  5.87716e-09  
1.1465e-24  1.85128e-25  9.65527e-17  9.12718e-30  1.74072e-19  1.09932e-09  1.93164e-35  2.40587e-33  3.95649e-29  1.86024e-24  1.03424e-31  5.3308e-12  3.57094e-20  8.98096e-20  9.58553e-17  6.2657e-09  
6.75624e-23  2.34328e-22  9.36212e-16  2.56576e-30  2.7982e-20  2.80526e-09  1.95159e-39  2.76605e-26  5.76469e-27  9.07583e-26  6.33444e-36  3.03977e-11  5.08973e-19  6.95654e-21  1.40649e-14  1.19902e-08  
5.54709e-28  1.58939e-28  1.1251e-17  3.74732e-36  4.03831e-24  8.79492e-09  1.3385e-47  1.00422e-38  1.02562e-40  4.4699e-33  9.36993e-45  9.30172e-13  5.43667e-24  3.4808e-25  3.99696e-17  2.90741e-10  
4.80041e-29  9.18182e-30  1.23473e-19  8.39807e-37  1.03794e-23  6.52931e-09  9.11745e-43  2.23843e-36  1.85615e-39  3.61521e-31  1.08294e-39  5.97438e-13  1.27883e-22  1.85835e-22  5.96647e-18  3.8886e-10  
6.98189e-26  5.18999e-27  4.48464e-17  9.81346e-37  1.23232e-25  7.00434e-10  3.61834e-51  3.67309e-39  4.14279e-38  4.00246e-35  1.9789e-49  9.743e-13  2.39855e-24  1.45104e-26  1.73994e-18  1.82752e-10  
9.43013e-23  1.8168e-19  2.90253e-14  8.07778e-29  3.72468e-20  3.425e-09  6.22119e-39  4.40557e-26  6.48063e-20  1.91792e-26  2.77641e-37  4.70422e-11  3.90164e-22  1.63232e-23  2.61895e-15  1.13295e-08  
2.4951e-17  2.33995e-16  4.0119e-12  1.08608e-24  5.6811e-19  3.60118e-11  1.56393e-35  2.57129e-21  2.65325e-15  1.50401e-25  4.58023e-35  1.47179e-10  7.74204e-22  5.70456e-23  1.10354e-16  1.80149e-09  
3.07561e-21  5.08061e-19  6.39563e-13  1.7744e-31  5.01728e-25  8.43304e-10  2.02571e-46  4.04158e-22  1.50588e-19  4.37537e-31  1.7544e-47  7.63442e-11  3.46328e-22  2.09468e-26  2.50505e-14  3.00674e-10  
1.00735e-22  1.5841e-21  6.30869e-16  3.16463e-35  7.67105e-26  1.08931e-08  4.75387e-50  7.58145e-22  9.55556e-25  1.05871e-31  1.22351e-46  2.60398e-11  2.25652e-19  2.20386e-23  4.36259e-13  4.94284e-10  
3.09255e-21  1.26457e-20  3.41562e-15  2.17292e-35  6.43687e-27  2.42291e-10  4.20978e-52  3.89861e-21  9.52339e-25  9.00134e-33  5.67676e-49  1.12923e-11  1.65363e-19  4.27029e-24  4.58161e-13  1.60817e-10  
8.08314e-22  1.0495e-20  6.31207e-15  1.13979e-34  4.30481e-26  3.01544e-09  6.26384e-50  2.50584e-22  6.28924e-24  1.31773e-31  9.25394e-47  2.04976e-11  4.53151e-20  3.45126e-23  1.5011e-13  4.98278e-10  
1.61177e-22  2.47286e-21  8.02005e-15  5.05804e-34  6.48591e-26  2.54691e-09  2.12678e-50  8.76287e-24  2.19179e-23  7.69524e-32  3.15802e-47  4.1046e-12  2.7555e-21  5.96646e-24  8.25919e-14  3.76641e-10  
1.63874e-25  3.42635e-22  3.28717e-15  4.83685e-35  1.00592e-25  2.88266e-09  2.53121e-51  7.97651e-28  8.93797e-27  2.39921e-32  1.93403e-47  4.79338e-13  1.69472e-23  7.69945e-25  1.0647e-14  1.44453e-10  
1.15859e-27  1.16803e-25  1.00459e-17  2.22345e-38  3.03306e-28  1.79075e-09  2.84698e-56  3.50155e-30  3.91937e-28  1.96345e-35  1.6883e-50  2.50348e-14  3.215e-24  1.9727e-25  2.36396e-15  3.44657e-11  
5.80329e-29  5.22892e-26  2.58048e-18  5.92108e-39  4.43913e-28  2.44481e-09  7.59439e-55  4.83399e-30  4.52237e-29  1.15525e-34  6.35035e-50  6.82773e-15  1.17438e-24  3.71054e-25  6.47975e-16  3.05721e-11  
1.58965e-31  2.00275e-28  1.64398e-20  4.71233e-42  5.14583e-29  8.85412e-10  4.22621e-58  1.43289e-31  1.81599e-31  7.47803e-36  2.50412e-49  4.15208e-16  1.32542e-26  6.65413e-24  2.44955e-17  2.06967e-11  
2.96579e-32  1.09561e-27  5.01231e-21  1.06123e-41  3.75926e-28  1.64017e-09  7.40921e-54  3.38952e-31  7.68477e-35  4.789e-34  4.91025e-47  1.92888e-16  1.63506e-26  6.01627e-23  4.61831e-17  3.57844e-11  
2.8688e-31  1.14918e-27  7.84813e-22  1.85409e-40  3.53803e-27  9.65094e-10  9.18621e-51  4.45158e-31  6.15447e-34  3.01745e-32  7.88991e-43  9.96645e-17  3.0336e-25  1.65001e-20  4.80908e-17  1.84153e-10  
8.98279e-29  7.2382e-26  1.51479e-19  4.69513e-38  1.13854e-25  6.38487e-09  2.06932e-47  1.91995e-29  3.57787e-32  1.07326e-29  7.764e-40  6.96157e-15  2.80423e-23  4.00045e-19  1.12659e-15  7.71805e-10  
1.89386e-18  2.34374e-19  1.79686e-12  8.56412e-26  1.39247e-19  1.92039e-09  7.22514e-37  1.34931e-20  9.25038e-20  3.74679e-22  2.1498e-33  2.779e-11  5.33414e-17  6.98783e-19  4.59992e-12  7.90253e-09  
1.20385e-19  2.94501e-21  1.43506e-14  1.10428e-28  2.0368e-21  1.73593e-10  2.37886e-42  3.99087e-23  9.65627e-20  5.91493e-25  3.25926e-35  2.25669e-12  4.13025e-18  1.27728e-18  9.56122e-14  3.72452e-09  
1.5372e-22  6.91296e-22  4.51481e-16  1.77143e-31  8.50094e-23  2.6895e-09  1.41688e-42  1.14273e-23  2.37715e-24  1.36375e-26  3.72809e-37  2.02523e-12  2.16695e-19  1.36249e-19  2.74413e-13  6.03095e-09  
7.3932e-25  2.57715e-24  8.57867e-20  5.69736e-30  1.9679e-20  4.81872e-15  1.21659e-39  4.92794e-31  8.20324e-31  1.89052e-23  9.40792e-30  1.47595e-17  4.49141e-21  3.11126e-16  3.38541e-17  2.83936e-09  
2.53971e-24  8.12381e-24  2.18084e-18  9.74786e-28  6.05339e-19  3.35395e-15  3.29574e-39  2.27258e-39  5.96093e-30  7.60429e-26  9.40155e-33  1.99849e-15  3.78407e-25  1.30075e-21  4.0611e-19  3.69119e-09  
1.71877e-29  3.33184e-26  2.20468e-20  2.02675e-35  2.42446e-23  3.7142e-14  3.94413e-50  7.46997e-45  4.13013e-35  6.49005e-33  1.40425e-42  6.63881e-17  6.21648e-31  1.84583e-25  3.24688e-22  7.01683e-10  
3.49141e-22  5.89929e-23  9.55219e-17  7.36975e-31  3.22903e-23  3.45723e-15  7.17882e-50  1.87357e-38  7.75853e-29  1.98253e-33  7.33763e-46  2.07678e-15  8.2264e-27  8.55493e-28  2.0125e-18  5.12005e-10  
1.14936e-28  2.96313e-28  2.49132e-21  2.00733e-37  6.65563e-29  4.40067e-17  4.90519e-60  2.02135e-57  1.17321e-39  6.73303e-42  8.25752e-54  4.64178e-18  1.1002e-36  5.53376e-33  5.10696e-23  2.93309e-11  
5.21705e-21  2.42543e-18  9.62774e-16  6.0657e-26  2.5385e-17  3.30386e-17  8.66658e-39  1.46667e-41  8.7311e-24  7.68804e-25  3.9534e-32  1.50842e-16  1.71284e-26  1.46884e-20  7.14238e-23  5.0733e-10  
1.6186e-29  9.60478e-25  3.4512e-21  2.01201e-33  1.3699e-20  2.56271e-15  1.10297e-45  2.597e-50  3.25672e-32  3.27574e-29  1.07907e-35  6.5079e-19  1.11532e-28  9.21947e-21  6.92048e-24  6.90924e-10  
7.71314e-23  9.77001e-23  9.44796e-17  1.01931e-28  7.9999e-22  4.10315e-16  2.60715e-47  6.08995e-40  2.63502e-28  1.67521e-32  7.65831e-46  1.84923e-15  2.02809e-29  5.44987e-31  2.58409e-19  1.65523e-10  
6.586e-27  1.58546e-24  5.375e-19  2.37714e-33  5.22456e-23  1.30754e-14  3.43434e-51  2.28607e-39  2.5086e-31  2.20713e-32  1.76251e-42  2.52163e-17  1.14274e-29  3.24238e-25  4.17155e-20  1.46386e-09  
7.02108e-32  7.59027e-30  1.01024e-26  4.96335e-37  5.53511e-27  1.97892e-21  2.64728e-54  1.43427e-53  7.51628e-44  7.27221e-37  6.95371e-45  2.16153e-24  5.80935e-37  1.5459e-27  1.85422e-26  2.29995e-11  
5.35559e-26  1.20177e-27  4.4885e-21  1.86337e-28  2.64597e-22  1.05322e-18  3.17815e-42  2.23279e-45  1.38829e-34  4.25831e-31  6.33408e-41  8.58556e-19  2.25838e-33  1.75076e-29  1.05316e-21  4.21266e-11  
4.91007e-23  4.20469e-23  3.83344e-17  1.87746e-28  2.30238e-21  2.26779e-14  2.72718e-42  8.41845e-41  6.62705e-28  9.95488e-30  1.66331e-39  9.46234e-15  7.49904e-28  6.81908e-26  2.96396e-20  2.20213e-09  
1.90413e-23  1.32425e-21  1.33507e-17  2.54861e-28  2.03576e-19  1.54121e-13  1.81618e-37  1.20588e-36  9.85295e-26  8.15746e-26  6.21612e-33  5.7448e-15  2.23733e-24  4.59178e-21  5.79518e-19  7.37836e-09  
1.51607e-27  1.06252e-26  3.65022e-21  5.18992e-32  2.85517e-23  1.11506e-16  4.07926e-46  7.57764e-47  5.32008e-34  8.27225e-32  5.93795e-39  9.8704e-18  1.71521e-33  1.88783e-26  5.34215e-21  4.77803e-10  
2.34555e-24  3.76507e-21  6.50276e-17  1.01166e-28  7.47629e-20  2.72059e-14  9.70612e-44  1.32156e-34  3.27752e-27  4.20498e-28  1.13899e-36  4.72951e-14  1.08396e-25  1.17456e-23  7.44064e-18  4.66229e-09  
4.5835e-20  2.06076e-18  6.01335e-15  3.7552e-24  4.47457e-17  2.97925e-13  3.69317e-33  2.05142e-30  2.87149e-22  1.09068e-22  9.34663e-31  7.1578e-13  1.91488e-21  6.78435e-21  1.35734e-16  2.69362e-08  
4.5835e-20  2.06076e-18  6.01335e-15  3.7552e-24  4.47457e-17  2.97925e-13  3.69317e-33  2.05142e-30  2.87149e-22  1.09068e-22  9.34663e-31  7.1578e-13  1.91488e-21  6.78435e-21  1.35734e-16  2.69362e-08  
4.5835e-20  2.06076e-18  6.01335e-15  3.7552e-24  4.47457e-17  2.97925e-13  3.69317e-33  2.05142e-30  2.87149e-22  1.09068e-22  9.34663e-31  7.1578e-13  1.91488e-21  6.78435e-21  1.35734e-16  2.69362e-08  
4.5835e-20  2.06076e-18  6.01335e-15  3.7552e-24  4.47457e-17  2.97925e-13  3.69317e-33  2.05142e-30  2.87149e-22  1.09068e-22  9.34663e-31  7.1578e-13  1.91488e-21  6.78435e-21  1.35734e-16  2.69362e-08  
4.5835e-20  2.06076e-18  6.01335e-15  3.7552e-24  4.47457e-17  2.97925e-13  3.69317e-33  2.05142e-30  2.87149e-22  1.09068e-22  9.34663e-31  7.1578e-13  1.91488e-21  6.78435e-21  1.35734e-16  2.69362e-08  
4.5835e-20  2.06076e-18  6.01335e-15  3.7552e-24  4.47457e-17  2.97925e-13  3.69317e-33  2.05142e-30  2.87149e-22  1.09068e-22  9.34663e-31  7.1578e-13  1.91488e-21  6.78435e-21  1.35734e-16  2.69362e-08  
4.5835e-20  2.06076e-18  6.01335e-15  3.7552e-24  4.47457e-17  2.97925e-13  3.69317e-33  2.05142e-30  2.87149e-22  1.09068e-22  9.34663e-31  7.1578e-13  1.91488e-21  6.78435e-21  1.35734e-16  2.69362e-08  
4.5835e-20  2.06076e-18  6.01335e-15  3.7552e-24  4.47457e-17  2.97925e-13  3.69317e-33  2.05142e-30  2.87149e-22  1.09068e-22  9.34663e-31  7.1578e-13  1.91488e-21  6.78435e-21  1.35734e-16  2.69362e-08  
4.5835e-20  2.06076e-18  6.01335e-15  3.7552e-24  4.47457e-17  2.97925e-13  3.69317e-33  2.05142e-30  2.87149e-22  1.09068e-22  9.34663e-31  7.1578e-13  1.91488e-21  6.78435e-21  1.35734e-16  2.69362e-08  
4.5835e-20  2.06076e-18  6.01335e-15  3.7552e-24  4.47457e-17  2.97925e-13  3.69317e-33  2.05142e-30  2.87149e-22  1.09068e-22  9.34663e-31  7.1578e-13  1.91488e-21  6.78435e-21  1.35734e-16  2.69362e-08  
4.5835e-20  2.06076e-18  6.01335e-15  3.7552e-24  4.47457e-17  2.97925e-13  3.69317e-33  2.05142e-30  2.87149e-22  1.09068e-22  9.34663e-31  7.1578e-13  1.91488e-21  6.78435e-21  1.35734e-16  2.69362e-08  
4.5835e-20  2.06076e-18  6.01335e-15  3.7552e-24  4.47457e-17  2.97925e-13  3.69317e-33  2.05142e-30  2.87149e-22  1.09068e-22  9.34663e-31  7.1578e-13  1.91488e-21  6.78435e-21  1.35734e-16  2.69362e-08  
4.5835e-20  2.06076e-18  6.01335e-15  3.7552e-24  4.47457e-17  2.97925e-13  3.69317e-33  2.05142e-30  2.87149e-22  1.09068e-22  9.34663e-31  7.1578e-13  1.91488e-21  6.78435e-21  1.35734e-16  2.69362e-08  
4.5835e-20  2.06076e-18  6.01335e-15  3.7552e-24  4.47457e-17  2.97925e-13  3.69317e-33  2.05142e-30  2.87149e-22  1.09068e-22  9.34663e-31  7.1578e-13  1.91488e-21  6.78435e-21  1.35734e-16  2.69362e-08  
4.5835e-20  2.06076e-18  6.01335e-15  3.7552e-24  4.47457e-17  2.97925e-13  3.69317e-33  2.05142e-30  2.87149e-22  1.09068e-22  9.34663e-31  7.1578e-13  1.91488e-21  6.78435e-21  1.35734e-16  2.69362e-08  
4.5835e-20  2.06076e-18  6.01335e-15  3.7552e-24  4.47457e-17  2.97925e-13  3.69317e-33  2.05142e-30  2.87149e-22  1.09068e-22  9.34663e-31  7.1578e-13  1.91488e-21  6.78435e-21  1.35734e-16  2.69362e-08  
4.5835e-20  2.06076e-18  6.01335e-15  3.7552e-24  4.47457e-17  2.97925e-13  3.69317e-33  2.05142e-30  2.87149e-22  1.09068e-22  9.34663e-31  7.1578e-13  1.91488e-21  6.78435e-21  1.35734e-16  2.69362e-08  
4.5835e-20  2.06076e-18  6.01335e-15  3.7552e-24  4.47457e-17  2.97925e-13  3.69317e-33  2.05142e-30  2.87149e-22  1.09068e-22  9.34663e-31  7.1578e-13  1.91488e-21  6.78435e-21  1.35734e-16  2.69362e-08  
4.5835e-20  2.06076e-18  6.01335e-15  3.7552e-24  4.47457e-17  2.97925e-13  3.69317e-33  2.05142e-30  2.87149e-22  1.09068e-22  9.34663e-31  7.1578e-13  1.91488e-21  6.78435e-21  1.35734e-16  2.69362e-08  
4.5835e-20  2.06076e-18  6.01335e-15  3.7552e-24  4.47457e-17  2.97925e-13  3.69317e-33  2.05142e-30  2.87149e-22  1.09068e-22  9.34663e-31  7.1578e-13  1.91488e-21  6.78435e-21  1.35734e-16  2.69362e-08  
4.5835e-20  2.06076e-18  6.01335e-15  3.7552e-24  4.47457e-17  2.97925e-13  3.69317e-33  2.05142e-30  2.87149e-22  1.09068e-22  9.34663e-31  7.1578e-13  1.91488e-21  6.78435e-21  1.35734e-16  2.69362e-08  
4.5835e-20  2.06076e-18  6.01335e-15  3.7552e-24  4.47457e-17  2.97925e-13  3.69317e-33  2.05142e-30  2.87149e-22  1.09068e-22  9.34663e-31  7.1578e-13  1.91488e-21  6.78435e-21  1.35734e-16  2.69362e-08  
4.5835e-20  2.06076e-18  6.01335e-15  3.7552e-24  4.47457e-17  2.97925e-13  3.69317e-33  2.05142e-30  2.87149e-22  1.09068e-22  9.34663e-31  7.1578e-13  1.91488e-21  6.78435e-21  1.35734e-16  2.69362e-08  
4.5835e-20  2.06076e-18  6.01335e-15  3.7552e-24  4.47457e-17  2.97925e-13  3.69317e-33  2.05142e-30  2.87149e-22  1.09068e-22  9.34663e-31  7.1578e-13  1.91488e-21  6.78435e-21  1.35734e-16  2.69362e-08  
4.5835e-20  2.06076e-18  6.01335e-15  3.7552e-24  4.47457e-17  2.97925e-13  3.69317e-33  2.05142e-30  2.87149e-22  1.09068e-22  9.34663e-31  7.1578e-13  1.91488e-21  6.78435e-21  1.35734e-16  2.69362e-08  
4.5835e-20  2.06076e-18  6.01335e-15  3.7552e-24  4.47457e-17  2.97925e-13  3.69317e-33  2.05142e-30  2.87149e-22  1.09068e-22  9.34663e-31  7.1578e-13  1.91488e-21  6.78435e-21  1.35734e-16  2.69362e-08  
4.5835e-20  2.06076e-18  6.01335e-15  3.7552e-24  4.47457e-17  2.97925e-13  3.69317e-33  2.05142e-30  2.87149e-22  1.09068e-22  9.34663e-31  7.1578e-13  1.91488e-21  6.78435e-21  1.35734e-16  2.69362e-08  
4.5835e-20  2.06076e-18  6.01335e-15  3.7552e-24  4.47457e-17  2.97925e-13  3.69317e-33  2.05142e-30  2.87149e-22  1.09068e-22  9.34663e-31  7.1578e-13  1.91488e-21  6.78435e-21  1.35734e-16  2.69362e-08  
4.5835e-20  2.06076e-18  6.01335e-15  3.7552e-24  4.47457e-17  2.97925e-13  3.69317e-33  2.05142e-30  2.87149e-22  1.09068e-22  9.34663e-31  7.1578e-13  1.91488e-21  6.78435e-21  1.35734e-16  2.69362e-08  
4.5835e-20  2.06076e-18  6.01335e-15  3.7552e-24  4.47457e-17  2.97925e-13  3.69317e-33  2.05142e-30  2.87149e-22  1.09068e-22  9.34663e-31  7.1578e-13  1.91488e-21  6.78435e-21  1.35734e-16  2.69362e-08  
4.5835e-20  2.06076e-18  6.01335e-15  3.7552e-24  4.47457e-17  2.97925e-13  3.69317e-33  2.05142e-30  2.87149e-22  1.09068e-22  9.34663e-31  7.1578e-13  1.91488e-21  6.78435e-21  1.35734e-16  2.69362e-08  
4.5835e-20  2.06076e-18  6.01335e-15  3.7552e-24  4.47457e-17  2.97925e-13  3.69317e-33  2.05142e-30  2.87149e-22  1.09068e-22  9.34663e-31  7.1578e-13  1.91488e-21  6.78435e-21  1.35734e-16  2.69362e-08  
4.5835e-20  2.06076e-18  6.01335e-15  3.7552e-24  4.47457e-17  2.97925e-13  3.69317e-33  2.05142e-30  2.87149e-22  1.09068e-22  9.34663e-31  7.1578e-13  1.91488e-21  6.78435e-21  1.35734e-16  2.69362e-08  
4.5835e-20  2.06076e-18  6.01335e-15  3.7552e-24  4.47457e-17  2.97925e-13  3.69317e-33  2.05142e-30  2.87149e-22  1.09068e-22  9.34663e-31  7.1578e-13  1.91488e-21  6.78435e-21  1.35734e-16  2.69362e-08  
4.5835e-20  2.06076e-18  6.01335e-15  3.7552e-24  4.47457e-17  2.97925e-13  3.69317e-33  2.05142e-30  2.87149e-22  1.09068e-22  9.34663e-31  7.1578e-13  1.91488e-21  6.78435e-21  1.35734e-16  2.69362e-08  
4.5835e-20  2.06076e-18  6.01335e-15  3.7552e-24  4.47457e-17  2.97925e-13  3.69317e-33  2.05142e-30  2.87149e-22  1.09068e-22  9.34663e-31  7.1578e-13  1.91488e-21  6.78435e-21  1.35734e-16  2.69362e-08  
4.5835e-20  2.06076e-18  6.01335e-15  3.7552e-24  4.47457e-17  2.97925e-13  3.69317e-33  2.05142e-30  2.87149e-22  1.09068e-22  9.34663e-31  7.1578e-13  1.91488e-21  6.78435e-21  1.35734e-16  2.69362e-08  
4.5835e-20  2.06076e-18  6.01335e-15  3.7552e-24  4.47457e-17  2.97925e-13  3.69317e-33  2.05142e-30  2.87149e-22  1.09068e-22  9.34663e-31  7.1578e-13  1.91488e-21  6.78435e-21  1.35734e-16  2.69362e-08  
4.5835e-20  2.06076e-18  6.01335e-15  3.7552e-24  4.47457e-17  2.97925e-13  3.69317e-33  2.05142e-30  2.87149e-22  1.09068e-22  9.34663e-31  7.1578e-13  1.91488e-21  6.78435e-21  1.35734e-16  2.69362e-08  
4.5835e-20  2.06076e-18  6.01335e-15  3.7552e-24  4.47457e-17  2.97925e-13  3.69317e-33  2.05142e-30  2.87149e-22  1.09068e-22  9.34663e-31  7.1578e-13  1.91488e-21  6.78435e-21  1.35734e-16  2.69362e-08  
4.5835e-20  2.06076e-18  6.01335e-15  3.7552e-24  4.47457e-17  2.97925e-13  3.69317e-33  2.05142e-30  2.87149e-22  1.09068e-22  9.34663e-31  7.1578e-13  1.91488e-21  6.78435e-21  1.35734e-16  2.69362e-08  
4.5835e-20  2.06076e-18  6.01335e-15  3.7552e-24  4.47457e-17  2.97925e-13  3.69317e-33  2.05142e-30  2.87149e-22  1.09068e-22  9.34663e-31  7.1578e-13  1.91488e-21  6.78435e-21  1.35734e-16  2.69362e-08  
4.5835e-20  2.06076e-18  6.01335e-15  3.7552e-24  4.47457e-17  2.97925e-13  3.69317e-33  2.05142e-30  2.87149e-22  1.09068e-22  9.34663e-31  7.1578e-13  1.91488e-21  6.78435e-21  1.35734e-16  2.69362e-08  
4.5835e-20  2.06076e-18  6.01335e-15  3.7552e-24  4.47457e-17  2.97925e-13  3.69317e-33  2.05142e-30  2.87149e-22  1.09068e-22  9.34663e-31  7.1578e-13  1.91488e-21  6.78435e-21  1.35734e-16  2.69362e-08  
4.5835e-20  2.06076e-18  6.01335e-15  3.7552e-24  4.47457e-17  2.97925e-13  3.69317e-33  2.05142e-30  2.87149e-22  1.09068e-22  9.34663e-31  7.1578e-13  1.91488e-21  6.78435e-21  1.35734e-16  2.69362e-08  
4.5835e-20  2.06076e-18  6.01335e-15  3.7552e-24  4.47457e-17  2.97925e-13  3.69317e-33  2.05142e-30  2.87149e-22  1.09068e-22  9.34663e-31  7.1578e-13  1.91488e-21  6.78435e-21  1.35734e-16  2.69362e-08  
4.5835e-20  2.06076e-18  6.01335e-15  3.7552e-24  4.47457e-17  2.97925e-13  3.69317e-33  2.05142e-30  2.87149e-22  1.09068e-22  9.34663e-31  7.1578e-13  1.91488e-21  6.78435e-21  1.35734e-16  2.69362e-08  
4.5835e-20  2.06076e-18  6.01335e-15  3.7552e-24  4.47457e-17  2.97925e-13  3.69317e-33  2.05142e-30  2.87149e-22  1.09068e-22  9.34663e-31  7.1578e-13  1.91488e-21  6.78435e-21  1.35734e-16  2.69362e-08  
4.5835e-20  2.06076e-18  6.01335e-15  3.7552e-24  4.47457e-17  2.97925e-13  3.69317e-33  2.05142e-30  2.87149e-22  1.09068e-22  9.34663e-31  7.1578e-13  1.91488e-21  6.78435e-21  1.35734e-16  2.69362e-08  
4.5835e-20  2.06076e-18  6.01335e-15  3.7552e-24  4.47457e-17  2.97925e-13  3.69317e-33  2.05142e-30  2.87149e-22  1.09068e-22  9.34663e-31  7.1578e-13  1.91488e-21  6.78435e-21  1.35734e-16  2.69362e-08  
4.5835e-20  2.06076e-18  6.01335e-15  3.7552e-24  4.47457e-17  2.97925e-13  3.69317e-33  2.05142e-30  2.87149e-22  1.09068e-22  9.34663e-31  7.1578e-13  1.91488e-21  6.78435e-21  1.35734e-16  2.69362e-08  
4.5835e-20  2.06076e-18  6.01335e-15  3.7552e-24  4.47457e-17  2.97925e-13  3.69317e-33  2.05142e-30  2.87149e-22  1.09068e-22  9.34663e-31  7.1578e-13  1.91488e-21  6.78435e-21  1.35734e-16  2.69362e-08  
4.5835e-20  2.06076e-18  6.01335e-15  3.7552e-24  4.47457e-17  2.97925e-13  3.69317e-33  2.05142e-30  2.87149e-22  1.09068e-22  9.34663e-31  7.1578e-13  1.91488e-21  6.78435e-21  1.35734e-16  2.69362e-08  
4.5835e-20  2.06076e-18  6.01335e-15  3.7552e-24  4.47457e-17  2.97925e-13  3.69317e-33  2.05142e-30  2.87149e-22  1.09068e-22  9.34663e-31  7.1578e-13  1.91488e-21  6.78435e-21  1.35734e-16  2.69362e-08  
4.5835e-20  2.06076e-18  6.01335e-15  3.7552e-24  4.47457e-17  2.97925e-13  3.69317e-33  2.05142e-30  2.87149e-22  1.09068e-22  9.34663e-31  7.1578e-13  1.91488e-21  6.78435e-21  1.35734e-16  2.69362e-08  
4.5835e-20  2.06076e-18  6.01335e-15  3.7552e-24  4.47457e-17  2.97925e-13  3.69317e-33  2.05142e-30  2.87149e-22  1.09068e-22  9.34663e-31  7.1578e-13  1.91488e-21  6.78435e-21  1.35734e-16  2.69362e-08  
4.5835e-20  2.06076e-18  6.01335e-15  3.7552e-24  4.47457e-17  2.97925e-13  3.69317e-33  2.05142e-30  2.87149e-22  1.09068e-22  9.34663e-31  7.1578e-13  1.91488e-21  6.78435e-21  1.35734e-16  2.69362e-08  
4.5835e-20  2.06076e-18  6.01335e-15  3.7552e-24  4.47457e-17  2.97925e-13  3.69317e-33  2.05142e-30  2.87149e-22  1.09068e-22  9.34663e-31  7.1578e-13  1.91488e-21  6.78435e-21  1.35734e-16  2.69362e-08  
4.5835e-20  2.06076e-18  6.01335e-15  3.7552e-24  4.47457e-17  2.97925e-13  3.69317e-33  2.05142e-30  2.87149e-22  1.09068e-22  9.34663e-31  7.1578e-13  1.91488e-21  6.78435e-21  1.35734e-16  2.69362e-08  
4.5835e-20  2.06076e-18  6.01335e-15  3.7552e-24  4.47457e-17  2.97925e-13  3.69317e-33  2.05142e-30  2.87149e-22  1.09068e-22  9.34663e-31  7.1578e-13  1.91488e-21  6.78435e-21  1.35734e-16  2.69362e-08  
4.5835e-20  2.06076e-18  6.01335e-15  3.7552e-24  4.47457e-17  2.97925e-13  3.69317e-33  2.05142e-30  2.87149e-22  1.09068e-22  9.34663e-31  7.1578e-13  1.91488e-21  6.78435e-21  1.35734e-16  2.69362e-08  
4.5835e-20  2.06076e-18  6.01335e-15  3.7552e-24  4.47457e-17  2.97925e-13  3.69317e-33  2.05142e-30  2.87149e-22  1.09068e-22  9.34663e-31  7.1578e-13  1.91488e-21  6.78435e-21  1.35734e-16  2.69362e-08  
4.5835e-20  2.06076e-18  6.01335e-15  3.7552e-24  4.47457e-17  2.97925e-13  3.69317e-33  2.05142e-30  2.87149e-22  1.09068e-22  9.34663e-31  7.1578e-13  1.91488e-21  6.78435e-21  1.35734e-16  2.69362e-08  
4.5835e-20  2.06076e-18  6.01335e-15  3.7552e-24  4.47457e-17  2.97925e-13  3.69317e-33  2.05142e-30  2.87149e-22  1.09068e-22  9.34663e-31  7.1578e-13  1.91488e-21  6.78435e-21  1.35734e-16  2.69362e-08  
4.5835e-20  2.06076e-18  6.01335e-15  3.7552e-24  4.47457e-17  2.97925e-13  3.69317e-33  2.05142e-30  2.87149e-22  1.09068e-22  9.34663e-31  7.1578e-13  1.91488e-21  6.78435e-21  1.35734e-16  2.69362e-08  
4.5835e-20  2.06076e-18  6.01335e-15  3.7552e-24  4.47457e-17  2.97925e-13  3.69317e-33  2.05142e-30  2.87149e-22  1.09068e-22  9.34663e-31  7.1578e-13  1.91488e-21  6.78435e-21  1.35734e-16  2.69362e-08  
4.5835e-20  2.06076e-18  6.01335e-15  3.7552e-24  4.47457e-17  2.97925e-13  3.69317e-33  2.05142e-30  2.87149e-22  1.09068e-22  9.34663e-31  7.1578e-13  1.91488e-21  6.78435e-21  1.35734e-16  2.69362e-08  
4.5835e-20  2.06076e-18  6.01335e-15  3.7552e-24  4.47457e-17  2.97925e-13  3.69317e-33  2.05142e-30  2.87149e-22  1.09068e-22  9.34663e-31  7.1578e-13  1.91488e-21  6.78435e-21  1.35734e-16  2.69362e-08  
4.5835e-20  2.06076e-18  6.01335e-15  3.7552e-24  4.47457e-17  2.97925e-13  3.69317e-33  2.05142e-30  2.87149e-22  1.09068e-22  9.34663e-31  7.1578e-13  1.91488e-21  6.78435e-21  1.35734e-16  2.69362e-08  
4.5835e-20  2.06076e-18  6.01335e-15  3.7552e-24  4.47457e-17  2.97925e-13  3.69317e-33  2.05142e-30  2.87149e-22  1.09068e-22  9.34663e-31  7.1578e-13  1.91488e-21  6.78435e-21  1.35734e-16  2.69362e-08  
4.5835e-20  2.06076e-18  6.01335e-15  3.7552e-24  4.47457e-17  2.97925e-13  3.69317e-33  2.05142e-30  2.87149e-22  1.09068e-22  9.34663e-31  7.1578e-13  1.91488e-21  6.78435e-21  1.35734e-16  2.69362e-08  
4.5835e-20  2.06076e-18  6.01335e-15  3.7552e-24  4.47457e-17  2.97925e-13  3.69317e-33  2.05142e-30  2.87149e-22  1.09068e-22  9.34663e-31  7.1578e-13  1.91488e-21  6.78435e-21  1.35734e-16  2.69362e-08  
4.5835e-20  2.06076e-18  6.01335e-15  3.7552e-24  4.47457e-17  2.97925e-13  3.69317e-33  2.05142e-30  2.87149e-22  1.09068e-22  9.34663e-31  7.1578e-13  1.91488e-21  6.78435e-21  1.35734e-16  2.69362e-08  
4.5835e-20  2.06076e-18  6.01335e-15  3.7552e-24  4.47457e-17  2.97925e-13  3.69317e-33  2.05142e-30  2.87149e-22  1.09068e-22  9.34663e-31  7.1578e-13  1.91488e-21  6.78435e-21  1.35734e-16  2.69362e-08  
4.5835e-20  2.06076e-18  6.01335e-15  3.7552e-24  4.47457e-17  2.97925e-13  3.69317e-33  2.05142e-30  2.87149e-22  1.09068e-22  9.34663e-31  7.1578e-13  1.91488e-21  6.78435e-21  1.35734e-16  2.69362e-08  
4.5835e-20  2.06076e-18  6.01335e-15  3.7552e-24  4.47457e-17  2.97925e-13  3.69317e-33  2.05142e-30  2.87149e-22  1.09068e-22  9.34663e-31  7.1578e-13  1.91488e-21  6.78435e-21  1.35734e-16  2.69362e-08  
4.5835e-20  2.06076e-18  6.01335e-15  3.7552e-24  4.47457e-17  2.97925e-13  3.69317e-33  2.05142e-30  2.87149e-22  1.09068e-22  9.34663e-31  7.1578e-13  1.91488e-21  6.78435e-21  1.35734e-16  2.69362e-08  
4.5835e-20  2.06076e-18  6.01335e-15  3.7552e-24  4.47457e-17  2.97925e-13  3.69317e-33  2.05142e-30  2.87149e-22  1.09068e-22  9.34663e-31  7.1578e-13  1.91488e-21  6.78435e-21  1.35734e-16  2.69362e-08  
4.5835e-20  2.06076e-18  6.01335e-15  3.7552e-24  4.47457e-17  2.97925e-13  3.69317e-33  2.05142e-30  2.87149e-22  1.09068e-22  9.34663e-31  7.1578e-13  1.91488e-21  6.78435e-21  1.35734e-16  2.69362e-08  
4.5835e-20  2.06076e-18  6.01335e-15  3.7552e-24  4.47457e-17  2.97925e-13  3.69317e-33  2.05142e-30  2.87149e-22  1.09068e-22  9.34663e-31  7.1578e-13  1.91488e-21  6.78435e-21  1.35734e-16  2.69362e-08  
4.5835e-20  2.06076e-18  6.01335e-15  3.7552e-24  4.47457e-17  2.97925e-13  3.69317e-33  2.05142e-30  2.87149e-22  1.09068e-22  9.34663e-31  7.1578e-13  1.91488e-21  6.78435e-21  1.35734e-16  2.69362e-08  
4.5835e-20  2.06076e-18  6.01335e-15  3.7552e-24  4.47457e-17  2.97925e-13  3.69317e-33  2.05142e-30  2.87149e-22  1.09068e-22  9.34663e-31  7.1578e-13  1.91488e-21  6.78435e-21  1.35734e-16  2.69362e-08  
4.5835e-20  2.06076e-18  6.01335e-15  3.7552e-24  4.47457e-17  2.97925e-13  3.69317e-33  2.05142e-30  2.87149e-22  1.09068e-22  9.34663e-31  7.1578e-13  1.91488e-21  6.78435e-21  1.35734e-16  2.69362e-08  
4.5835e-20  2.06076e-18  6.01335e-15  3.7552e-24  4.47457e-17  2.97925e-13  3.69317e-33  2.05142e-30  2.87149e-22  1.09068e-22  9.34663e-31  7.1578e-13  1.91488e-21  6.78435e-21  1.35734e-16  2.69362e-08  
4.5835e-20  2.06076e-18  6.01335e-15  3.7552e-24  4.47457e-17  2.97925e-13  3.69317e-33  2.05142e-30  2.87149e-22  1.09068e-22  9.34663e-31  7.1578e-13  1.91488e-21  6.78435e-21  1.35734e-16  2.69362e-08  
4.5835e-20  2.06076e-18  6.01335e-15  3.7552e-24  4.47457e-17  2.97925e-13  3.69317e-33  2.05142e-30  2.87149e-22  1.09068e-22  9.34663e-31  7.1578e-13  1.91488e-21  6.78435e-21  1.35734e-16  2.69362e-08  
4.5835e-20  2.06076e-18  6.01335e-15  3.7552e-24  4.47457e-17  2.97925e-13  3.69317e-33  2.05142e-30  2.87149e-22  1.09068e-22  9.34663e-31  7.1578e-13  1.91488e-21  6.78435e-21  1.35734e-16  2.69362e-08  
4.5835e-20  2.06076e-18  6.01335e-15  3.7552e-24  4.47457e-17  2.97925e-13  3.69317e-33  2.05142e-30  2.87149e-22  1.09068e-22  9.34663e-31  7.1578e-13  1.91488e-21  6.78435e-21  1.35734e-16  2.69362e-08  
4.5835e-20  2.06076e-18  6.01335e-15  3.7552e-24  4.47457e-17  2.97925e-13  3.69317e-33  2.05142e-30  2.87149e-22  1.09068e-22  9.34663e-31  7.1578e-13  1.91488e-21  6.78435e-21  1.35734e-16  2.69362e-08  
4.5835e-20  2.06076e-18  6.01335e-15  3.7552e-24  4.47457e-17  2.97925e-13  3.69317e-33  2.05142e-30  2.87149e-22  1.09068e-22  9.34663e-31  7.1578e-13  1.91488e-21  6.78435e-21  1.35734e-16  2.69362e-08  
4.5835e-20  2.06076e-18  6.01335e-15  3.7552e-24  4.47457e-17  2.97925e-13  3.69317e-33  2.05142e-30  2.87149e-22  1.09068e-22  9.34663e-31  7.1578e-13  1.91488e-21  6.78435e-21  1.35734e-16  2.69362e-08  
4.5835e-20  2.06076e-18  6.01335e-15  3.7552e-24  4.47457e-17  2.97925e-13  3.69317e-33  2.05142e-30  2.87149e-22  1.09068e-22  9.34663e-31  7.1578e-13  1.91488e-21  6.78435e-21  1.35734e-16  2.69362e-08  
4.5835e-20  2.06076e-18  6.01335e-15  3.7552e-24  4.47457e-17  2.97925e-13  3.69317e-33  2.05142e-30  2.87149e-22  1.09068e-22  9.34663e-31  7.1578e-13  1.91488e-21  6.78435e-21  1.35734e-16  2.69362e-08  
4.5835e-20  2.06076e-18  6.01335e-15  3.7552e-24  4.47457e-17  2.97925e-13  3.69317e-33  2.05142e-30  2.87149e-22  1.09068e-22  9.34663e-31  7.1578e-13  1.91488e-21  6.78435e-21  1.35734e-16  2.69362e-08  
4.5835e-20  2.06076e-18  6.01335e-15  3.7552e-24  4.47457e-17  2.97925e-13  3.69317e-33  2.05142e-30  2.87149e-22  1.09068e-22  9.34663e-31  7.1578e-13  1.91488e-21  6.78435e-21  1.35734e-16  2.69362e-08  
4.5835e-20  2.06076e-18  6.01335e-15  3.7552e-24  4.47457e-17  2.97925e-13  3.69317e-33  2.05142e-30  2.87149e-22  1.09068e-22  9.34663e-31  7.1578e-13  1.91488e-21  6.78435e-21  1.35734e-16  2.69362e-08  
4.5835e-20  2.06076e-18  6.01335e-15  3.7552e-24  4.47457e-17  2.97925e-13  3.69317e-33  2.05142e-30  2.87149e-22  1.09068e-22  9.34663e-31  7.1578e-13  1.91488e-21  6.78435e-21  1.35734e-16  2.69362e-08  
4.5835e-20  2.06076e-18  6.01335e-15  3.7552e-24  4.47457e-17  2.97925e-13  3.69317e-33  2.05142e-30  2.87149e-22  1.09068e-22  9.34663e-31  7.1578e-13  1.91488e-21  6.78435e-21  1.35734e-16  2.69362e-08  
4.5835e-20  2.06076e-18  6.01335e-15  3.7552e-24  4.47457e-17  2.97925e-13  3.69317e-33  2.05142e-30  2.87149e-22  1.09068e-22  9.34663e-31  7.1578e-13  1.91488e-21  6.78435e-21  1.35734e-16  2.69362e-08  
4.5835e-20  2.06076e-18  6.01335e-15  3.7552e-24  4.47457e-17  2.97925e-13  3.69317e-33  2.05142e-30  2.87149e-22  1.09068e-22  9.34663e-31  7.1578e-13  1.91488e-21  6.78435e-21  1.35734e-16  2.69362e-08  
4.5835e-20  2.06076e-18  6.01335e-15  3.7552e-24  4.47457e-17  2.97925e-13  3.69317e-33  2.05142e-30  2.87149e-22  1.09068e-22  9.34663e-31  7.1578e-13  1.91488e-21  6.78435e-21  1.35734e-16  2.69362e-08  
4.5835e-20  2.06076e-18  6.01335e-15  3.7552e-24  4.47457e-17  2.97925e-13  3.69317e-33  2.05142e-30  2.87149e-22  1.09068e-22  9.34663e-31  7.1578e-13  1.91488e-21  6.78435e-21  1.35734e-16  2.69362e-08  
4.5835e-20  2.06076e-18  6.01335e-15  3.7552e-24  4.47457e-17  2.97925e-13  3.69317e-33  2.05142e-30  2.87149e-22  1.09068e-22  9.34663e-31  7.1578e-13  1.91488e-21  6.78435e-21  1.35734e-16  2.69362e-08  
4.5835e-20  2.06076e-18  6.01335e-15  3.7552e-24  4.47457e-17  2.97925e-13  3.69317e-33  2.05142e-30  2.87149e-22  1.09068e-22  9.34663e-31  7.1578e-13  1.91488e-21  6.78435e-21  1.35734e-16  2.69362e-08  
4.5835e-20  2.06076e-18  6.01335e-15  3.7552e-24  4.47457e-17  2.97925e-13  3.69317e-33  2.05142e-30  2.87149e-22  1.09068e-22  9.34663e-31  7.1578e-13  1.91488e-21  6.78435e-21  1.35734e-16  2.69362e-08  
4.5835e-20  2.06076e-18  6.01335e-15  3.7552e-24  4.47457e-17  2.97925e-13  3.69317e-33  2.05142e-30  2.87149e-22  1.09068e-22  9.34663e-31  7.1578e-13  1.91488e-21  6.78435e-21  1.35734e-16  2.69362e-08  
4.5835e-20  2.06076e-18  6.01335e-15  3.7552e-24  4.47457e-17  2.97925e-13  3.69317e-33  2.05142e-30  2.87149e-22  1.09068e-22  9.34663e-31  7.1578e-13  1.91488e-21  6.78435e-21  1.35734e-16  2.69362e-08  
4.5835e-20  2.06076e-18  6.01335e-15  3.7552e-24  4.47457e-17  2.97925e-13  3.69317e-33  2.05142e-30  2.87149e-22  1.09068e-22  9.34663e-31  7.1578e-13  1.91488e-21  6.78435e-21  1.35734e-16  2.69362e-08  
4.5835e-20  2.06076e-18  6.01335e-15  3.7552e-24  4.47457e-17  2.97925e-13  3.69317e-33  2.05142e-30  2.87149e-22  1.09068e-22  9.34663e-31  7.1578e-13  1.91488e-21  6.78435e-21  1.35734e-16  2.69362e-08  
4.5835e-20  2.06076e-18  6.01335e-15  3.7552e-24  4.47457e-17  2.97925e-13  3.69317e-33  2.05142e-30  2.87149e-22  1.09068e-22  9.34663e-31  7.1578e-13  1.91488e-21  6.78435e-21  1.35734e-16  2.69362e-08  
4.5835e-20  2.06076e-18  6.01335e-15  3.7552e-24  4.47457e-17  2.97925e-13  3.69317e-33  2.05142e-30  2.87149e-22  1.09068e-22  9.34663e-31  7.1578e-13  1.91488e-21  6.78435e-21  1.35734e-16  2.69362e-08  
4.5835e-20  2.06076e-18  6.01335e-15  3.7552e-24  4.47457e-17  2.97925e-13  3.69317e-33  2.05142e-30  2.87149e-22  1.09068e-22  9.34663e-31  7.1578e-13  1.91488e-21  6.78435e-21  1.35734e-16  2.69362e-08  
4.5835e-20  2.06076e-18  6.01335e-15  3.7552e-24  4.47457e-17  2.97925e-13  3.69317e-33  2.05142e-30  2.87149e-22  1.09068e-22  9.34663e-31  7.1578e-13  1.91488e-21  6.78435e-21  1.35734e-16  2.69362e-08  
4.5835e-20  2.06076e-18  6.01335e-15  3.7552e-24  4.47457e-17  2.97925e-13  3.69317e-33  2.05142e-30  2.87149e-22  1.09068e-22  9.34663e-31  7.1578e-13  1.91488e-21  6.78435e-21  1.35734e-16  2.69362e-08  
4.5835e-20  2.06076e-18  6.01335e-15  3.7552e-24  4.47457e-17  2.97925e-13  3.69317e-33  2.05142e-30  2.87149e-22  1.09068e-22  9.34663e-31  7.1578e-13  1.91488e-21  6.78435e-21  1.35734e-16  2.69362e-08  
4.5835e-20  2.06076e-18  6.01335e-15  3.7552e-24  4.47457e-17  2.97925e-13  3.69317e-33  2.05142e-30  2.87149e-22  1.09068e-22  9.34663e-31  7.1578e-13  1.91488e-21  6.78435e-21  1.35734e-16  2.69362e-08  
4.5835e-20  2.06076e-18  6.01335e-15  3.7552e-24  4.47457e-17  2.97925e-13  3.69317e-33  2.05142e-30  2.87149e-22  1.09068e-22  9.34663e-31  7.1578e-13  1.91488e-21  6.78435e-21  1.35734e-16  2.69362e-08  
4.5835e-20  2.06076e-18  6.01335e-15  3.7552e-24  4.47457e-17  2.97925e-13  3.69317e-33  2.05142e-30  2.87149e-22  1.09068e-22  9.34663e-31  7.1578e-13  1.91488e-21  6.78435e-21  1.35734e-16  2.69362e-08  
4.5835e-20  2.06076e-18  6.01335e-15  3.7552e-24  4.47457e-17  2.97925e-13  3.69317e-33  2.05142e-30  2.87149e-22  1.09068e-22  9.34663e-31  7.1578e-13  1.91488e-21  6.78435e-21  1.35734e-16  2.69362e-08  
4.5835e-20  2.06076e-18  6.01335e-15  3.7552e-24  4.47457e-17  2.97925e-13  3.69317e-33  2.05142e-30  2.87149e-22  1.09068e-22  9.34663e-31  7.1578e-13  1.91488e-21  6.78435e-21  1.35734e-16  2.69362e-08  
4.5835e-20  2.06076e-18  6.01335e-15  3.7552e-24  4.47457e-17  2.97925e-13  3.69317e-33  2.05142e-30  2.87149e-22  1.09068e-22  9.34663e-31  7.1578e-13  1.91488e-21  6.78435e-21  1.35734e-16  2.69362e-08  
4.5835e-20  2.06076e-18  6.01335e-15  3.7552e-24  4.47457e-17  2.97925e-13  3.69317e-33  2.05142e-30  2.87149e-22  1.09068e-22  9.34663e-31  7.1578e-13  1.91488e-21  6.78435e-21  1.35734e-16  2.69362e-08  
4.5835e-20  2.06076e-18  6.01335e-15  3.7552e-24  4.47457e-17  2.97925e-13  3.69317e-33  2.05142e-30  2.87149e-22  1.09068e-22  9.34663e-31  7.1578e-13  1.91488e-21  6.78435e-21  1.35734e-16  2.69362e-08  
4.5835e-20  2.06076e-18  6.01335e-15  3.7552e-24  4.47457e-17  2.97925e-13  3.69317e-33  2.05142e-30  2.87149e-22  1.09068e-22  9.34663e-31  7.1578e-13  1.91488e-21  6.78435e-21  1.35734e-16  2.69362e-08  
4.5835e-20  2.06076e-18  6.01335e-15  3.7552e-24  4.47457e-17  2.97925e-13  3.69317e-33  2.05142e-30  2.87149e-22  1.09068e-22  9.34663e-31  7.1578e-13  1.91488e-21  6.78435e-21  1.35734e-16  2.69362e-08  
4.5835e-20  2.06076e-18  6.01335e-15  3.7552e-24  4.47457e-17  2.97925e-13  3.69317e-33  2.05142e-30  2.87149e-22  1.09068e-22  9.34663e-31  7.1578e-13  1.91488e-21  6.78435e-21  1.35734e-16  2.69362e-08  
4.5835e-20  2.06076e-18  6.01335e-15  3.7552e-24  4.47457e-17  2.97925e-13  3.69317e-33  2.05142e-30  2.87149e-22  1.09068e-22  9.34663e-31  7.1578e-13  1.91488e-21  6.78435e-21  1.35734e-16  2.69362e-08  
4.5835e-20  2.06076e-18  6.01335e-15  3.7552e-24  4.47457e-17  2.97925e-13  3.69317e-33  2.05142e-30  2.87149e-22  1.09068e-22  9.34663e-31  7.1578e-13  1.91488e-21  6.78435e-21  1.35734e-16  2.69362e-08  
4.5835e-20  2.06076e-18  6.01335e-15  3.7552e-24  4.47457e-17  2.97925e-13  3.69317e-33  2.05142e-30  2.87149e-22  1.09068e-22  9.34663e-31  7.1578e-13  1.91488e-21  6.78435e-21  1.35734e-16  2.69362e-08  
4.5835e-20  2.06076e-18  6.01335e-15  3.7552e-24  4.47457e-17  2.97925e-13  3.69317e-33  2.05142e-30  2.87149e-22  1.09068e-22  9.34663e-31  7.1578e-13  1.91488e-21  6.78435e-21  1.35734e-16  2.69362e-08  
4.5835e-20  2.06076e-18  6.01335e-15  3.7552e-24  4.47457e-17  2.97925e-13  3.69317e-33  2.05142e-30  2.87149e-22  1.09068e-22  9.34663e-31  7.1578e-13  1.91488e-21  6.78435e-21  1.35734e-16  2.69362e-08  
4.5835e-20  2.06076e-18  6.01335e-15  3.7552e-24  4.47457e-17  2.97925e-13  3.69317e-33  2.05142e-30  2.87149e-22  1.09068e-22  9.34663e-31  7.1578e-13  1.91488e-21  6.78435e-21  1.35734e-16  2.69362e-08  
4.5835e-20  2.06076e-18  6.01335e-15  3.7552e-24  4.47457e-17  2.97925e-13  3.69317e-33  2.05142e-30  2.87149e-22  1.09068e-22  9.34663e-31  7.1578e-13  1.91488e-21  6.78435e-21  1.35734e-16  2.69362e-08  
4.5835e-20  2.06076e-18  6.01335e-15  3.7552e-24  4.47457e-17  2.97925e-13  3.69317e-33  2.05142e-30  2.87149e-22  1.09068e-22  9.34663e-31  7.1578e-13  1.91488e-21  6.78435e-21  1.35734e-16  2.69362e-08  
4.5835e-20  2.06076e-18  6.01335e-15  3.7552e-24  4.47457e-17  2.97925e-13  3.69317e-33  2.05142e-30  2.87149e-22  1.09068e-22  9.34663e-31  7.1578e-13  1.91488e-21  6.78435e-21  1.35734e-16  2.69362e-08  
4.5835e-20  2.06076e-18  6.01335e-15  3.7552e-24  4.47457e-17  2.97925e-13  3.69317e-33  2.05142e-30  2.87149e-22  1.09068e-22  9.34663e-31  7.1578e-13  1.91488e-21  6.78435e-21  1.35734e-16  2.69362e-08  
4.5835e-20  2.06076e-18  6.01335e-15  3.7552e-24  4.47457e-17  2.97925e-13  3.69317e-33  2.05142e-30  2.87149e-22  1.09068e-22  9.34663e-31  7.1578e-13  1.91488e-21  6.78435e-21  1.35734e-16  2.69362e-08  
4.5835e-20  2.06076e-18  6.01335e-15  3.7552e-24  4.47457e-17  2.97925e-13  3.69317e-33  2.05142e-30  2.87149e-22  1.09068e-22  9.34663e-31  7.1578e-13  1.91488e-21  6.78435e-21  1.35734e-16  2.69362e-08  
4.5835e-20  2.06076e-18  6.01335e-15  3.7552e-24  4.47457e-17  2.97925e-13  3.69317e-33  2.05142e-30  2.87149e-22  1.09068e-22  9.34663e-31  7.1578e-13  1.91488e-21  6.78435e-21  1.35734e-16  2.69362e-08  
4.5835e-20  2.06076e-18  6.01335e-15  3.7552e-24  4.47457e-17  2.97925e-13  3.69317e-33  2.05142e-30  2.87149e-22  1.09068e-22  9.34663e-31  7.1578e-13  1.91488e-21  6.78435e-21  1.35734e-16  2.69362e-08  
4.5835e-20  2.06076e-18  6.01335e-15  3.7552e-24  4.47457e-17  2.97925e-13  3.69317e-33  2.05142e-30  2.87149e-22  1.09068e-22  9.34663e-31  7.1578e-13  1.91488e-21  6.78435e-21  1.35734e-16  2.69362e-08  
4.5835e-20  2.06076e-18  6.01335e-15  3.7552e-24  4.47457e-17  2.97925e-13  3.69317e-33  2.05142e-30  2.87149e-22  1.09068e-22  9.34663e-31  7.1578e-13  1.91488e-21  6.78435e-21  1.35734e-16  2.69362e-08  
4.5835e-20  2.06076e-18  6.01335e-15  3.7552e-24  4.47457e-17  2.97925e-13  3.69317e-33  2.05142e-30  2.87149e-22  1.09068e-22  9.34663e-31  7.1578e-13  1.91488e-21  6.78435e-21  1.35734e-16  2.69362e-08  
4.5835e-20  2.06076e-18  6.01335e-15  3.7552e-24  4.47457e-17  2.97925e-13  3.69317e-33  2.05142e-30  2.87149e-22  1.09068e-22  9.34663e-31  7.1578e-13  1.91488e-21  6.78435e-21  1.35734e-16  2.69362e-08  
4.5835e-20  2.06076e-18  6.01335e-15  3.7552e-24  4.47457e-17  2.97925e-13  3.69317e-33  2.05142e-30  2.87149e-22  1.09068e-22  9.34663e-31  7.1578e-13  1.91488e-21  6.78435e-21  1.35734e-16  2.69362e-08  
4.5835e-20  2.06076e-18  6.01335e-15  3.7552e-24  4.47457e-17  2.97925e-13  3.69317e-33  2.05142e-30  2.87149e-22  1.09068e-22  9.34663e-31  7.1578e-13  1.91488e-21  6.78435e-21  1.35734e-16  2.69362e-08  
4.5835e-20  2.06076e-18  6.01335e-15  3.7552e-24  4.47457e-17  2.97925e-13  3.69317e-33  2.05142e-30  2.87149e-22  1.09068e-22  9.34663e-31  7.1578e-13  1.91488e-21  6.78435e-21  1.35734e-16  2.69362e-08  
4.5835e-20  2.06076e-18  6.01335e-15  3.7552e-24  4.47457e-17  2.97925e-13  3.69317e-33  2.05142e-30  2.87149e-22  1.09068e-22  9.34663e-31  7.1578e-13  1.91488e-21  6.78435e-21  1.35734e-16  2.69362e-08  
4.5835e-20  2.06076e-18  6.01335e-15  3.7552e-24  4.47457e-17  2.97925e-13  3.69317e-33  2.05142e-30  2.87149e-22  1.09068e-22  9.34663e-31  7.1578e-13  1.91488e-21  6.78435e-21  1.35734e-16  2.69362e-08  
4.5835e-20  2.06076e-18  6.01335e-15  3.7552e-24  4.47457e-17  2.97925e-13  3.69317e-33  2.05142e-30  2.87149e-22  1.09068e-22  9.34663e-31  7.1578e-13  1.91488e-21  6.78435e-21  1.35734e-16  2.69362e-08  
4.5835e-20  2.06076e-18  6.01335e-15  3.7552e-24  4.47457e-17  2.97925e-13  3.69317e-33  2.05142e-30  2.87149e-22  1.09068e-22  9.34663e-31  7.1578e-13  1.91488e-21  6.78435e-21  1.35734e-16  2.69362e-08  
4.5835e-20  2.06076e-18  6.01335e-15  3.7552e-24  4.47457e-17  2.97925e-13  3.69317e-33  2.05142e-30  2.87149e-22  1.09068e-22  9.34663e-31  7.1578e-13  1.91488e-21  6.78435e-21  1.35734e-16  2.69362e-08  
4.5835e-20  2.06076e-18  6.01335e-15  3.7552e-24  4.47457e-17  2.97925e-13  3.69317e-33  2.05142e-30  2.87149e-22  1.09068e-22  9.34663e-31  7.1578e-13  1.91488e-21  6.78435e-21  1.35734e-16  2.69362e-08  
4.5835e-20  2.06076e-18  6.01335e-15  3.7552e-24  4.47457e-17  2.97925e-13  3.69317e-33  2.05142e-30  2.87149e-22  1.09068e-22  9.34663e-31  7.1578e-13  1.91488e-21  6.78435e-21  1.35734e-16  2.69362e-08  
4.5835e-20  2.06076e-18  6.01335e-15  3.7552e-24  4.47457e-17  2.97925e-13  3.69317e-33  2.05142e-30  2.87149e-22  1.09068e-22  9.34663e-31  7.1578e-13  1.91488e-21  6.78435e-21  1.35734e-16  2.69362e-08  
4.5835e-20  2.06076e-18  6.01335e-15  3.7552e-24  4.47457e-17  2.97925e-13  3.69317e-33  2.05142e-30  2.87149e-22  1.09068e-22  9.34663e-31  7.1578e-13  1.91488e-21  6.78435e-21  1.35734e-16  2.69362e-08  
4.5835e-20  2.06076e-18  6.01335e-15  3.7552e-24  4.47457e-17  2.97925e-13  3.69317e-33  2.05142e-30  2.87149e-22  1.09068e-22  9.34663e-31  7.1578e-13  1.91488e-21  6.78435e-21  1.35734e-16  2.69362e-08  
4.5835e-20  2.06076e-18  6.01335e-15  3.7552e-24  4.47457e-17  2.97925e-13  3.69317e-33  2.05142e-30  2.87149e-22  1.09068e-22  9.34663e-31  7.1578e-13  1.91488e-21  6.78435e-21  1.35734e-16  2.69362e-08  
4.5835e-20  2.06076e-18  6.01335e-15  3.7552e-24  4.47457e-17  2.97925e-13  3.69317e-33  2.05142e-30  2.87149e-22  1.09068e-22  9.34663e-31  7.1578e-13  1.91488e-21  6.78435e-21  1.35734e-16  2.69362e-08  
4.5835e-20  2.06076e-18  6.01335e-15  3.7552e-24  4.47457e-17  2.97925e-13  3.69317e-33  2.05142e-30  2.87149e-22  1.09068e-22  9.34663e-31  7.1578e-13  1.91488e-21  6.78435e-21  1.35734e-16  2.69362e-08  
4.5835e-20  2.06076e-18  6.01335e-15  3.7552e-24  4.47457e-17  2.97925e-13  3.69317e-33  2.05142e-30  2.87149e-22  1.09068e-22  9.34663e-31  7.1578e-13  1.91488e-21  6.78435e-21  1.35734e-16  2.69362e-08  
4.5835e-20  2.06076e-18  6.01335e-15  3.7552e-24  4.47457e-17  2.97925e-13  3.69317e-33  2.05142e-30  2.87149e-22  1.09068e-22  9.34663e-31  7.1578e-13  1.91488e-21  6.78435e-21  1.35734e-16  2.69362e-08  
4.5835e-20  2.06076e-18  6.01335e-15  3.7552e-24  4.47457e-17  2.97925e-13  3.69317e-33  2.05142e-30  2.87149e-22  1.09068e-22  9.34663e-31  7.1578e-13  1.91488e-21  6.78435e-21  1.35734e-16  2.69362e-08  
4.5835e-20  2.06076e-18  6.01335e-15  3.7552e-24  4.47457e-17  2.97925e-13  3.69317e-33  2.05142e-30  2.87149e-22  1.09068e-22  9.34663e-31  7.1578e-13  1.91488e-21  6.78435e-21  1.35734e-16  2.69362e-08  
4.5835e-20  2.06076e-18  6.01335e-15  3.7552e-24  4.47457e-17  2.97925e-13  3.69317e-33  2.05142e-30  2.87149e-22  1.09068e-22  9.34663e-31  7.1578e-13  1.91488e-21  6.78435e-21  1.35734e-16  2.69362e-08  
4.5835e-20  2.06076e-18  6.01335e-15  3.7552e-24  4.47457e-17  2.97925e-13  3.69317e-33  2.05142e-30  2.87149e-22  1.09068e-22  9.34663e-31  7.1578e-13  1.91488e-21  6.78435e-21  1.35734e-16  2.69362e-08  
4.5835e-20  2.06076e-18  6.01335e-15  3.7552e-24  4.47457e-17  2.97925e-13  3.69317e-33  2.05142e-30  2.87149e-22  1.09068e-22  9.34663e-31  7.1578e-13  1.91488e-21  6.78435e-21  1.35734e-16  2.69362e-08  
4.5835e-20  2.06076e-18  6.01335e-15  3.7552e-24  4.47457e-17  2.97925e-13  3.69317e-33  2.05142e-30  2.87149e-22  1.09068e-22  9.34663e-31  7.1578e-13  1.91488e-21  6.78435e-21  1.35734e-16  2.69362e-08  
4.5835e-20  2.06076e-18  6.01335e-15  3.7552e-24  4.47457e-17  2.97925e-13  3.69317e-33  2.05142e-30  2.87149e-22  1.09068e-22  9.34663e-31  7.1578e-13  1.91488e-21  6.78435e-21  1.35734e-16  2.69362e-08  
4.5835e-20  2.06076e-18  6.01335e-15  3.7552e-24  4.47457e-17  2.97925e-13  3.69317e-33  2.05142e-30  2.87149e-22  1.09068e-22  9.34663e-31  7.1578e-13  1.91488e-21  6.78435e-21  1.35734e-16  2.69362e-08  
4.5835e-20  2.06076e-18  6.01335e-15  3.7552e-24  4.47457e-17  2.97925e-13  3.69317e-33  2.05142e-30  2.87149e-22  1.09068e-22  9.34663e-31  7.1578e-13  1.91488e-21  6.78435e-21  1.35734e-16  2.69362e-08  
4.5835e-20  2.06076e-18  6.01335e-15  3.7552e-24  4.47457e-17  2.97925e-13  3.69317e-33  2.05142e-30  2.87149e-22  1.09068e-22  9.34663e-31  7.1578e-13  1.91488e-21  6.78435e-21  1.35734e-16  2.69362e-08  
4.5835e-20  2.06076e-18  6.01335e-15  3.7552e-24  4.47457e-17  2.97925e-13  3.69317e-33  2.05142e-30  2.87149e-22  1.09068e-22  9.34663e-31  7.1578e-13  1.91488e-21  6.78435e-21  1.35734e-16  2.69362e-08  
4.5835e-20  2.06076e-18  6.01335e-15  3.7552e-24  4.47457e-17  2.97925e-13  3.69317e-33  2.05142e-30  2.87149e-22  1.09068e-22  9.34663e-31  7.1578e-13  1.91488e-21  6.78435e-21  1.35734e-16  2.69362e-08  
4.5835e-20  2.06076e-18  6.01335e-15  3.7552e-24  4.47457e-17  2.97925e-13  3.69317e-33  2.05142e-30  2.87149e-22  1.09068e-22  9.34663e-31  7.1578e-13  1.91488e-21  6.78435e-21  1.35734e-16  2.69362e-08  
4.5835e-20  2.06076e-18  6.01335e-15  3.7552e-24  4.47457e-17  2.97925e-13  3.69317e-33  2.05142e-30  2.87149e-22  1.09068e-22  9.34663e-31  7.1578e-13  1.91488e-21  6.78435e-21  1.35734e-16  2.69362e-08  
4.5835e-20  2.06076e-18  6.01335e-15  3.7552e-24  4.47457e-17  2.97925e-13  3.69317e-33  2.05142e-30  2.87149e-22  1.09068e-22  9.34663e-31  7.1578e-13  1.91488e-21  6.78435e-21  1.35734e-16  2.69362e-08  
4.5835e-20  2.06076e-18  6.01335e-15  3.7552e-24  4.47457e-17  2.97925e-13  3.69317e-33  2.05142e-30  2.87149e-22  1.09068e-22  9.34663e-31  7.1578e-13  1.91488e-21  6.78435e-21  1.35734e-16  2.69362e-08  
4.5835e-20  2.06076e-18  6.01335e-15  3.7552e-24  4.47457e-17  2.97925e-13  3.69317e-33  2.05142e-30  2.87149e-22  1.09068e-22  9.34663e-31  7.1578e-13  1.91488e-21  6.78435e-21  1.35734e-16  2.69362e-08  
4.5835e-20  2.06076e-18  6.01335e-15  3.7552e-24  4.47457e-17  2.97925e-13  3.69317e-33  2.05142e-30  2.87149e-22  1.09068e-22  9.34663e-31  7.1578e-13  1.91488e-21  6.78435e-21  1.35734e-16  2.69362e-08  
4.5835e-20  2.06076e-18  6.01335e-15  3.7552e-24  4.47457e-17  2.97925e-13  3.69317e-33  2.05142e-30  2.87149e-22  1.09068e-22  9.34663e-31  7.1578e-13  1.91488e-21  6.78435e-21  1.35734e-16  2.69362e-08  
4.5835e-20  2.06076e-18  6.01335e-15  3.7552e-24  4.47457e-17  2.97925e-13  3.69317e-33  2.05142e-30  2.87149e-22  1.09068e-22  9.34663e-31  7.1578e-13  1.91488e-21  6.78435e-21  1.35734e-16  2.69362e-08  
4.5835e-20  2.06076e-18  6.01335e-15  3.7552e-24  4.47457e-17  2.97925e-13  3.69317e-33  2.05142e-30  2.87149e-22  1.09068e-22  9.34663e-31  7.1578e-13  1.91488e-21  6.78435e-21  1.35734e-16  2.69362e-08  
4.5835e-20  2.06076e-18  6.01335e-15  3.7552e-24  4.47457e-17  2.97925e-13  3.69317e-33  2.05142e-30  2.87149e-22  1.09068e-22  9.34663e-31  7.1578e-13  1.91488e-21  6.78435e-21  1.35734e-16  2.69362e-08  
4.5835e-20  2.06076e-18  6.01335e-15  3.7552e-24  4.47457e-17  2.97925e-13  3.69317e-33  2.05142e-30  2.87149e-22  1.09068e-22  9.34663e-31  7.1578e-13  1.91488e-21  6.78435e-21  1.35734e-16  2.69362e-08  
4.5835e-20  2.06076e-18  6.01335e-15  3.7552e-24  4.47457e-17  2.97925e-13  3.69317e-33  2.05142e-30  2.87149e-22  1.09068e-22  9.34663e-31  7.1578e-13  1.91488e-21  6.78435e-21  1.35734e-16  2.69362e-08  
4.5835e-20  2.06076e-18  6.01335e-15  3.7552e-24  4.47457e-17  2.97925e-13  3.69317e-33  2.05142e-30  2.87149e-22  1.09068e-22  9.34663e-31  7.1578e-13  1.91488e-21  6.78435e-21  1.35734e-16  2.69362e-08  
4.5835e-20  2.06076e-18  6.01335e-15  3.7552e-24  4.47457e-17  2.97925e-13  3.69317e-33  2.05142e-30  2.87149e-22  1.09068e-22  9.34663e-31  7.1578e-13  1.91488e-21  6.78435e-21  1.35734e-16  2.69362e-08  
4.5835e-20  2.06076e-18  6.01335e-15  3.7552e-24  4.47457e-17  2.97925e-13  3.69317e-33  2.05142e-30  2.87149e-22  1.09068e-22  9.34663e-31  7.1578e-13  1.91488e-21  6.78435e-21  1.35734e-16  2.69362e-08  
4.5835e-20  2.06076e-18  6.01335e-15  3.7552e-24  4.47457e-17  2.97925e-13  3.69317e-33  2.05142e-30  2.87149e-22  1.09068e-22  9.34663e-31  7.1578e-13  1.91488e-21  6.78435e-21  1.35734e-16  2.69362e-08  
4.5835e-20  2.06076e-18  6.01335e-15  3.7552e-24  4.47457e-17  2.97925e-13  3.69317e-33  2.05142e-30  2.87149e-22  1.09068e-22  9.34663e-31  7.1578e-13  1.91488e-21  6.78435e-21  1.35734e-16  2.69362e-08  
4.5835e-20  2.06076e-18  6.01335e-15  3.7552e-24  4.47457e-17  2.97925e-13  3.69317e-33  2.05142e-30  2.87149e-22  1.09068e-22  9.34663e-31  7.1578e-13  1.91488e-21  6.78435e-21  1.35734e-16  2.69362e-08  
4.5835e-20  2.06076e-18  6.01335e-15  3.7552e-24  4.47457e-17  2.97925e-13  3.69317e-33  2.05142e-30  2.87149e-22  1.09068e-22  9.34663e-31  7.1578e-13  1.91488e-21  6.78435e-21  1.35734e-16  2.69362e-08  
4.5835e-20  2.06076e-18  6.01335e-15  3.7552e-24  4.47457e-17  2.97925e-13  3.69317e-33  2.05142e-30  2.87149e-22  1.09068e-22  9.34663e-31  7.1578e-13  1.91488e-21  6.78435e-21  1.35734e-16  2.69362e-08  
4.5835e-20  2.06076e-18  6.01335e-15  3.7552e-24  4.47457e-17  2.97925e-13  3.69317e-33  2.05142e-30  2.87149e-22  1.09068e-22  9.34663e-31  7.1578e-13  1.91488e-21  6.78435e-21  1.35734e-16  2.69362e-08  
4.5835e-20  2.06076e-18  6.01335e-15  3.7552e-24  4.47457e-17  2.97925e-13  3.69317e-33  2.05142e-30  2.87149e-22  1.09068e-22  9.34663e-31  7.1578e-13  1.91488e-21  6.78435e-21  1.35734e-16  2.69362e-08  
4.5835e-20  2.06076e-18  6.01335e-15  3.7552e-24  4.47457e-17  2.97925e-13  3.69317e-33  2.05142e-30  2.87149e-22  1.09068e-22  9.34663e-31  7.1578e-13  1.91488e-21  6.78435e-21  1.35734e-16  2.69362e-08  
4.5835e-20  2.06076e-18  6.01335e-15  3.7552e-24  4.47457e-17  2.97925e-13  3.69317e-33  2.05142e-30  2.87149e-22  1.09068e-22  9.34663e-31  7.1578e-13  1.91488e-21  6.78435e-21  1.35734e-16  2.69362e-08  
4.5835e-20  2.06076e-18  6.01335e-15  3.7552e-24  4.47457e-17  2.97925e-13  3.69317e-33  2.05142e-30  2.87149e-22  1.09068e-22  9.34663e-31  7.1578e-13  1.91488e-21  6.78435e-21  1.35734e-16  2.69362e-08  
4.5835e-20  2.06076e-18  6.01335e-15  3.7552e-24  4.47457e-17  2.97925e-13  3.69317e-33  2.05142e-30  2.87149e-22  1.09068e-22  9.34663e-31  7.1578e-13  1.91488e-21  6.78435e-21  1.35734e-16  2.69362e-08  
4.5835e-20  2.06076e-18  6.01335e-15  3.7552e-24  4.47457e-17  2.97925e-13  3.69317e-33  2.05142e-30  2.87149e-22  1.09068e-22  9.34663e-31  7.1578e-13  1.91488e-21  6.78435e-21  1.35734e-16  2.69362e-08  
4.5835e-20  2.06076e-18  6.01335e-15  3.7552e-24  4.47457e-17  2.97925e-13  3.69317e-33  2.05142e-30  2.87149e-22  1.09068e-22  9.34663e-31  7.1578e-13  1.91488e-21  6.78435e-21  1.35734e-16  2.69362e-08  
4.5835e-20  2.06076e-18  6.01335e-15  3.7552e-24  4.47457e-17  2.97925e-13  3.69317e-33  2.05142e-30  2.87149e-22  1.09068e-22  9.34663e-31  7.1578e-13  1.91488e-21  6.78435e-21  1.35734e-16  2.69362e-08  
4.5835e-20  2.06076e-18  6.01335e-15  3.7552e-24  4.47457e-17  2.97925e-13  3.69317e-33  2.05142e-30  2.87149e-22  1.09068e-22  9.34663e-31  7.1578e-13  1.91488e-21  6.78435e-21  1.35734e-16  2.69362e-08  
4.5835e-20  2.06076e-18  6.01335e-15  3.7552e-24  4.47457e-17  2.97925e-13  3.69317e-33  2.05142e-30  2.87149e-22  1.09068e-22  9.34663e-31  7.1578e-13  1.91488e-21  6.78435e-21  1.35734e-16  2.69362e-08  
4.5835e-20  2.06076e-18  6.01335e-15  3.7552e-24  4.47457e-17  2.97925e-13  3.69317e-33  2.05142e-30  2.87149e-22  1.09068e-22  9.34663e-31  7.1578e-13  1.91488e-21  6.78435e-21  1.35734e-16  2.69362e-08  
4.5835e-20  2.06076e-18  6.01335e-15  3.7552e-24  4.47457e-17  2.97925e-13  3.69317e-33  2.05142e-30  2.87149e-22  1.09068e-22  9.34663e-31  7.1578e-13  1.91488e-21  6.78435e-21  1.35734e-16  2.69362e-08  
4.5835e-20  2.06076e-18  6.01335e-15  3.7552e-24  4.47457e-17  2.97925e-13  3.69317e-33  2.05142e-30  2.87149e-22  1.09068e-22  9.34663e-31  7.1578e-13  1.91488e-21  6.78435e-21  1.35734e-16  2.69362e-08  
4.5835e-20  2.06076e-18  6.01335e-15  3.7552e-24  4.47457e-17  2.97925e-13  3.69317e-33  2.05142e-30  2.87149e-22  1.09068e-22  9.34663e-31  7.1578e-13  1.91488e-21  6.78435e-21  1.35734e-16  2.69362e-08  
4.5835e-20  2.06076e-18  6.01335e-15  3.7552e-24  4.47457e-17  2.97925e-13  3.69317e-33  2.05142e-30  2.87149e-22  1.09068e-22  9.34663e-31  7.1578e-13  1.91488e-21  6.78435e-21  1.35734e-16  2.69362e-08  
4.5835e-20  2.06076e-18  6.01335e-15  3.7552e-24  4.47457e-17  2.97925e-13  3.69317e-33  2.05142e-30  2.87149e-22  1.09068e-22  9.34663e-31  7.1578e-13  1.91488e-21  6.78435e-21  1.35734e-16  2.69362e-08  
4.5835e-20  2.06076e-18  6.01335e-15  3.7552e-24  4.47457e-17  2.97925e-13  3.69317e-33  2.05142e-30  2.87149e-22  1.09068e-22  9.34663e-31  7.1578e-13  1.91488e-21  6.78435e-21  1.35734e-16  2.69362e-08  
4.5835e-20  2.06076e-18  6.01335e-15  3.7552e-24  4.47457e-17  2.97925e-13  3.69317e-33  2.05142e-30  2.87149e-22  1.09068e-22  9.34663e-31  7.1578e-13  1.91488e-21  6.78435e-21  1.35734e-16  2.69362e-08  
4.5835e-20  2.06076e-18  6.01335e-15  3.7552e-24  4.47457e-17  2.97925e-13  3.69317e-33  2.05142e-30  2.87149e-22  1.09068e-22  9.34663e-31  7.1578e-13  1.91488e-21  6.78435e-21  1.35734e-16  2.69362e-08  
4.5835e-20  2.06076e-18  6.01335e-15  3.7552e-24  4.47457e-17  2.97925e-13  3.69317e-33  2.05142e-30  2.87149e-22  1.09068e-22  9.34663e-31  7.1578e-13  1.91488e-21  6.78435e-21  1.35734e-16  2.69362e-08  
4.5835e-20  2.06076e-18  6.01335e-15  3.7552e-24  4.47457e-17  2.97925e-13  3.69317e-33  2.05142e-30  2.87149e-22  1.09068e-22  9.34663e-31  7.1578e-13  1.91488e-21  6.78435e-21  1.35734e-16  2.69362e-08  
4.5835e-20  2.06076e-18  6.01335e-15  3.7552e-24  4.47457e-17  2.97925e-13  3.69317e-33  2.05142e-30  2.87149e-22  1.09068e-22  9.34663e-31  7.1578e-13  1.91488e-21  6.78435e-21  1.35734e-16  2.69362e-08  
4.5835e-20  2.06076e-18  6.01335e-15  3.7552e-24  4.47457e-17  2.97925e-13  3.69317e-33  2.05142e-30  2.87149e-22  1.09068e-22  9.34663e-31  7.1578e-13  1.91488e-21  6.78435e-21  1.35734e-16  2.69362e-08  
4.5835e-20  2.06076e-18  6.01335e-15  3.7552e-24  4.47457e-17  2.97925e-13  3.69317e-33  2.05142e-30  2.87149e-22  1.09068e-22  9.34663e-31  7.1578e-13  1.91488e-21  6.78435e-21  1.35734e-16  2.69362e-08  
4.5835e-20  2.06076e-18  6.01335e-15  3.7552e-24  4.47457e-17  2.97925e-13  3.69317e-33  2.05142e-30  2.87149e-22  1.09068e-22  9.34663e-31  7.1578e-13  1.91488e-21  6.78435e-21  1.35734e-16  2.69362e-08  
4.5835e-20  2.06076e-18  6.01335e-15  3.7552e-24  4.47457e-17  2.97925e-13  3.69317e-33  2.05142e-30  2.87149e-22  1.09068e-22  9.34663e-31  7.1578e-13  1.91488e-21  6.78435e-21  1.35734e-16  2.69362e-08  
4.5835e-20  2.06076e-18  6.01335e-15  3.7552e-24  4.47457e-17  2.97925e-13  3.69317e-33  2.05142e-30  2.87149e-22  1.09068e-22  9.34663e-31  7.1578e-13  1.91488e-21  6.78435e-21  1.35734e-16  2.69362e-08  
4.5835e-20  2.06076e-18  6.01335e-15  3.7552e-24  4.47457e-17  2.97925e-13  3.69317e-33  2.05142e-30  2.87149e-22  1.09068e-22  9.34663e-31  7.1578e-13  1.91488e-21  6.78435e-21  1.35734e-16  2.69362e-08  
4.5835e-20  2.06076e-18  6.01335e-15  3.7552e-24  4.47457e-17  2.97925e-13  3.69317e-33  2.05142e-30  2.87149e-22  1.09068e-22  9.34663e-31  7.1578e-13  1.91488e-21  6.78435e-21  1.35734e-16  2.69362e-08  
4.5835e-20  2.06076e-18  6.01335e-15  3.7552e-24  4.47457e-17  2.97925e-13  3.69317e-33  2.05142e-30  2.87149e-22  1.09068e-22  9.34663e-31  7.1578e-13  1.91488e-21  6.78435e-21  1.35734e-16  2.69362e-08  
4.5835e-20  2.06076e-18  6.01335e-15  3.7552e-24  4.47457e-17  2.97925e-13  3.69317e-33  2.05142e-30  2.87149e-22  1.09068e-22  9.34663e-31  7.1578e-13  1.91488e-21  6.78435e-21  1.35734e-16  2.69362e-08  
4.5835e-20  2.06076e-18  6.01335e-15  3.7552e-24  4.47457e-17  2.97925e-13  3.69317e-33  2.05142e-30  2.87149e-22  1.09068e-22  9.34663e-31  7.1578e-13  1.91488e-21  6.78435e-21  1.35734e-16  2.69362e-08  
4.5835e-20  2.06076e-18  6.01335e-15  3.7552e-24  4.47457e-17  2.97925e-13  3.69317e-33  2.05142e-30  2.87149e-22  1.09068e-22  9.34663e-31  7.1578e-13  1.91488e-21  6.78435e-21  1.35734e-16  2.69362e-08  
4.5835e-20  2.06076e-18  6.01335e-15  3.7552e-24  4.47457e-17  2.97925e-13  3.69317e-33  2.05142e-30  2.87149e-22  1.09068e-22  9.34663e-31  7.1578e-13  1.91488e-21  6.78435e-21  1.35734e-16  2.69362e-08  
4.5835e-20  2.06076e-18  6.01335e-15  3.7552e-24  4.47457e-17  2.97925e-13  3.69317e-33  2.05142e-30  2.87149e-22  1.09068e-22  9.34663e-31  7.1578e-13  1.91488e-21  6.78435e-21  1.35734e-16  2.69362e-08  
4.5835e-20  2.06076e-18  6.01335e-15  3.7552e-24  4.47457e-17  2.97925e-13  3.69317e-33  2.05142e-30  2.87149e-22  1.09068e-22  9.34663e-31  7.1578e-13  1.91488e-21  6.78435e-21  1.35734e-16  2.69362e-08  
4.5835e-20  2.06076e-18  6.01335e-15  3.7552e-24  4.47457e-17  2.97925e-13  3.69317e-33  2.05142e-30  2.87149e-22  1.09068e-22  9.34663e-31  7.1578e-13  1.91488e-21  6.78435e-21  1.35734e-16  2.69362e-08  
4.5835e-20  2.06076e-18  6.01335e-15  3.7552e-24  4.47457e-17  2.97925e-13  3.69317e-33  2.05142e-30  2.87149e-22  1.09068e-22  9.34663e-31  7.1578e-13  1.91488e-21  6.78435e-21  1.35734e-16  2.69362e-08  
4.5835e-20  2.06076e-18  6.01335e-15  3.7552e-24  4.47457e-17  2.97925e-13  3.69317e-33  2.05142e-30  2.87149e-22  1.09068e-22  9.34663e-31  7.1578e-13  1.91488e-21  6.78435e-21  1.35734e-16  2.69362e-08  
4.5835e-20  2.06076e-18  6.01335e-15  3.7552e-24  4.47457e-17  2.97925e-13  3.69317e-33  2.05142e-30  2.87149e-22  1.09068e-22  9.34663e-31  7.1578e-13  1.91488e-21  6.78435e-21  1.35734e-16  2.69362e-08  
4.5835e-20  2.06076e-18  6.01335e-15  3.7552e-24  4.47457e-17  2.97925e-13  3.69317e-33  2.05142e-30  2.87149e-22  1.09068e-22  9.34663e-31  7.1578e-13  1.91488e-21  6.78435e-21  1.35734e-16  2.69362e-08  
4.5835e-20  2.06076e-18  6.01335e-15  3.7552e-24  4.47457e-17  2.97925e-13  3.69317e-33  2.05142e-30  2.87149e-22  1.09068e-22  9.34663e-31  7.1578e-13  1.91488e-21  6.78435e-21  1.35734e-16  2.69362e-08  
4.5835e-20  2.06076e-18  6.01335e-15  3.7552e-24  4.47457e-17  2.97925e-13  3.69317e-33  2.05142e-30  2.87149e-22  1.09068e-22  9.34663e-31  7.1578e-13  1.91488e-21  6.78435e-21  1.35734e-16  2.69362e-08  
4.5835e-20  2.06076e-18  6.01335e-15  3.7552e-24  4.47457e-17  2.97925e-13  3.69317e-33  2.05142e-30  2.87149e-22  1.09068e-22  9.34663e-31  7.1578e-13  1.91488e-21  6.78435e-21  1.35734e-16  2.69362e-08  
4.5835e-20  2.06076e-18  6.01335e-15  3.7552e-24  4.47457e-17  2.97925e-13  3.69317e-33  2.05142e-30  2.87149e-22  1.09068e-22  9.34663e-31  7.1578e-13  1.91488e-21  6.78435e-21  1.35734e-16  2.69362e-08  
4.5835e-20  2.06076e-18  6.01335e-15  3.7552e-24  4.47457e-17  2.97925e-13  3.69317e-33  2.05142e-30  2.87149e-22  1.09068e-22  9.34663e-31  7.1578e-13  1.91488e-21  6.78435e-21  1.35734e-16  2.69362e-08  
4.5835e-20  2.06076e-18  6.01335e-15  3.7552e-24  4.47457e-17  2.97925e-13  3.69317e-33  2.05142e-30  2.87149e-22  1.09068e-22  9.34663e-31  7.1578e-13  1.91488e-21  6.78435e-21  1.35734e-16  2.69362e-08  
4.5835e-20  2.06076e-18  6.01335e-15  3.7552e-24  4.47457e-17  2.97925e-13  3.69317e-33  2.05142e-30  2.87149e-22  1.09068e-22  9.34663e-31  7.1578e-13  1.91488e-21  6.78435e-21  1.35734e-16  2.69362e-08  
4.5835e-20  2.06076e-18  6.01335e-15  3.7552e-24  4.47457e-17  2.97925e-13  3.69317e-33  2.05142e-30  2.87149e-22  1.09068e-22  9.34663e-31  7.1578e-13  1.91488e-21  6.78435e-21  1.35734e-16  2.69362e-08  
4.5835e-20  2.06076e-18  6.01335e-15  3.7552e-24  4.47457e-17  2.97925e-13  3.69317e-33  2.05142e-30  2.87149e-22  1.09068e-22  9.34663e-31  7.1578e-13  1.91488e-21  6.78435e-21  1.35734e-16  2.69362e-08  
4.5835e-20  2.06076e-18  6.01335e-15  3.7552e-24  4.47457e-17  2.97925e-13  3.69317e-33  2.05142e-30  2.87149e-22  1.09068e-22  9.34663e-31  7.1578e-13  1.91488e-21  6.78435e-21  1.35734e-16  2.69362e-08  
4.5835e-20  2.06076e-18  6.01335e-15  3.7552e-24  4.47457e-17  2.97925e-13  3.69317e-33  2.05142e-30  2.87149e-22  1.09068e-22  9.34663e-31  7.1578e-13  1.91488e-21  6.78435e-21  1.35734e-16  2.69362e-08  
4.5835e-20  2.06076e-18  6.01335e-15  3.7552e-24  4.47457e-17  2.97925e-13  3.69317e-33  2.05142e-30  2.87149e-22  1.09068e-22  9.34663e-31  7.1578e-13  1.91488e-21  6.78435e-21  1.35734e-16  2.69362e-08  
