3.282254 -5.658051 -1.303251 -1.959273 -0.644021 -1.293178 -0.940852 -0.272849 -0.761224 -0.843209 -1.789433 0.456867 -0.415748 
4.176099 -6.202575 -0.734722 -1.906536 -1.066700 -0.784423 -0.967487 0.149212 -1.588180 -0.731784 -1.622724 0.636075 -0.431660 
3.909589 -6.024842 -1.213966 -2.243231 -1.153913 -0.526978 -0.989865 -0.289285 -1.222419 -0.513031 -1.792041 -0.056254 0.456402 
3.588410 -6.316390 -1.403760 -2.372961 -0.569879 -1.013564 -1.289377 -0.586233 -1.068018 -1.229316 -1.831885 0.625560 0.527501 
4.251097 -7.422083 -0.822066 -2.231454 -0.957545 -0.423148 -1.886566 -0.442658 -0.996682 -1.552453 -1.512246 1.006055 0.312580 
4.088957 -6.733511 -1.654982 -2.082494 -0.947695 -1.035484 -1.248801 -1.015644 -1.381780 -1.358026 -1.346419 0.653343 0.837695 
3.829101 -6.928388 -1.345828 -2.589046 -1.298690 -0.812974 -1.405658 -0.594810 -1.983534 -1.041407 -1.175107 0.291873 0.718380 
3.522762 -6.836761 -1.620124 -2.069256 -0.918788 -0.771423 -1.752503 -0.529638 -1.463892 -1.218817 -0.874315 0.786310 0.774502 
3.028445 -6.742194 -1.782256 -2.137177 -1.172837 -0.616427 -2.002719 -0.765028 -1.856741 -1.063421 -0.957704 0.721984 0.517468 
3.972845 -6.942289 -2.079296 -1.661081 -1.113047 -0.520463 -2.012581 -0.436703 -1.509888 -1.053337 -0.977909 1.063295 0.843533 
2.925578 -6.749811 -1.841739 -2.505338 -1.215836 -0.422403 -2.452698 -0.234567 -2.099871 -0.876215 -1.125752 0.639186 1.007045 
4.143303 -6.366782 -2.323988 -1.579169 -0.988195 -0.838935 -2.204569 0.012408 -2.015983 -0.858878 -1.323902 0.785667 0.930892 
-3.255858 -4.538932 -3.803058 0.601997 -0.767990 -1.080094 -0.745025 -1.522895 0.634812 0.315900 -0.079276 0.694828 0.737266 
-3.649085 -4.160446 -2.462709 0.417800 -1.408310 -1.350099 -0.320716 -2.000180 0.173473 -0.280581 -0.868746 1.050830 1.838182 
-4.506761 -3.604895 -2.407879 -0.115154 -1.548010 -1.610904 -0.638451 -1.964776 -0.201192 -0.623979 -0.902103 0.772899 1.898550 
-3.931232 -2.130094 -1.946510 -0.736337 -1.130438 -1.329265 0.035185 -1.393073 -0.733425 -0.561501 -0.458275 0.728169 1.857381 
-4.809518 -2.214450 -1.849866 -1.279214 -1.428899 -1.536438 -0.392952 -1.516074 -1.123793 -0.828005 -0.628073 0.689838 1.754076 
-4.454379 -1.832933 -1.779307 -1.874872 -1.778727 -1.276361 -0.198446 -1.042802 -1.649398 -0.633862 -0.466793 0.624405 1.640442 
-4.308962 -1.744606 -1.438349 -1.660918 -1.631733 -1.097536 0.078208 -0.941122 -1.365036 -0.549649 -0.143027 0.951064 1.820571 
-4.644542 -2.566509 -1.131445 -2.412202 -1.948591 -1.658870 0.098670 -1.253702 -1.502052 -1.034281 -0.148844 0.775029 1.855878 
-4.051843 -2.471650 -0.656268 -2.303735 -1.749287 -1.498262 0.812662 -0.866929 -1.409621 -0.467178 0.234826 1.063959 2.197029 
-4.826363 -2.302992 -1.187468 -2.876262 -1.559810 -2.273372 0.384970 -0.840744 -2.304216 -0.577739 0.216976 0.383793 2.061128 
-4.976781 -2.385218 -1.597498 -2.815717 -1.529927 -2.292999 0.315072 -0.544677 -1.945564 -0.537293 0.587184 0.798228 2.165117 
-4.780649 -2.655737 -1.907777 -2.534587 -1.519215 -2.253908 0.038682 -0.790165 -2.014808 -0.526198 0.560100 0.658102 1.938900 
-4.116039 -2.943036 -1.995006 -1.705127 -1.020598 -2.388788 0.154211 -1.010260 -1.659195 -0.354426 0.346350 0.681484 1.684338 
-4.227194 -4.094171 -3.224967 -2.194188 -0.213908 -2.008319 -0.894107 -1.369721 -1.722165 -0.128635 0.886586 0.416824 1.022888 
-3.149245 -3.434718 -2.947505 -2.465756 0.024743 -1.808808 -0.363152 -0.338784 -1.587901 -0.394661 0.487737 -0.006650 0.124784 
2.266763 -5.150851 -4.539888 -0.780735 -3.275265 1.066027 -0.547583 -1.347294 -0.849586 -0.884208 -0.453763 -0.213317 1.422722 
3.397557 -7.167340 -4.349195 -0.610272 -1.938202 1.116414 -0.868885 -0.677571 -1.167704 -1.853553 -0.437731 -0.529071 0.970299 
3.401697 -7.150829 -3.408017 -0.832713 -1.597049 0.962641 -0.681205 0.214971 -0.727241 -1.795124 -0.822956 -0.769245 0.517737 
2.869669 -7.064929 -3.434283 -0.873957 -2.264975 0.758965 -0.137813 -0.070223 -0.818042 -1.616815 -0.863739 -0.837398 0.360379 
3.734875 -7.273915 -3.092269 -0.527098 -2.074046 0.749302 -0.067284 0.523350 -1.045128 -1.122060 -0.825678 -0.870255 0.219701 
3.855055 -7.378839 -2.989494 -1.041975 -1.886197 0.829137 -0.434514 0.353774 -1.091885 -0.969712 -0.860154 -1.306716 0.212439 
3.724360 -7.766527 -2.338101 -1.394367 -1.788188 0.948553 -0.195715 0.456423 -1.203252 -0.659446 -0.895172 -1.055024 0.317932 
3.384410 -7.428382 -2.492350 -1.340856 -2.315889 1.400678 -0.592999 0.078901 -0.763044 -1.039962 -1.073991 -0.830692 -0.242903 
3.699950 -7.878029 -2.298652 -1.300047 -1.942208 0.898199 0.035621 0.158809 -1.066255 -0.743680 -0.921004 -0.848018 -0.223198 
3.070448 -7.102131 -2.741989 -1.656701 -1.448726 0.514828 0.009006 0.061708 -1.243118 -0.709429 -1.115031 -0.964088 -0.142560 
3.424158 -7.650877 -2.147585 -1.584033 -1.631483 0.982670 -0.039588 0.179505 -1.133233 -0.600023 -0.966122 -0.773356 0.029372 
3.605709 -7.742837 -2.291119 -1.564641 -1.867738 1.176699 -0.593050 0.121903 -1.225170 -0.595531 -1.087803 -0.828068 -0.334224 
3.531407 -7.613431 -2.183930 -1.528663 -1.611469 1.364109 -0.669888 0.009755 -0.997607 -0.538930 -1.157689 -0.554826 -0.199958 
3.684813 -7.787632 -2.286384 -1.334107 -1.882251 1.076891 -0.475780 -0.177013 -1.229241 -0.560124 -0.902234 -0.970337 -0.334826 
3.464278 -7.645894 -1.868973 -1.545120 -1.642588 1.242601 -0.347199 -0.211996 -0.965507 -0.257935 -1.080566 -0.587645 -0.328069 
3.576570 -7.586202 -2.096318 -1.510606 -2.258465 1.158640 -0.191686 -0.456045 -0.652492 -0.785863 -0.942366 -0.832504 -0.610180 
3.913935 -7.222493 -2.398420 -1.587961 -2.221984 0.760620 0.490760 -0.483311 -0.137982 -0.901783 -0.892019 -1.037570 -0.663710 
-2.135670 -3.910579 -3.403693 -1.353741 1.062652 -1.999682 -0.480127 -1.100480 -1.516405 -1.063171 0.094757 -0.688408 0.144164 
-3.820594 -3.456040 -2.648112 -0.963769 1.185417 -2.210743 -1.013246 -1.569027 -1.122641 -0.367204 0.154339 -1.287640 -0.032520 
-4.612531 -3.709962 -1.849519 -0.736072 0.339019 -2.017460 -1.767130 -0.923550 -1.465597 -0.226711 0.206093 -1.252331 -0.289888 
-4.688820 -3.716107 -1.209165 -0.992118 -0.230581 -1.840247 -1.384010 -1.359032 -1.426870 -0.549422 0.054933 -0.790366 0.322342 
-4.914659 -3.411870 -0.804857 -1.507759 -0.113951 -1.912479 -1.348150 -1.240514 -1.581447 -0.915691 0.056806 -0.456484 0.607621 
-5.130953 -3.178088 -0.460948 -1.902914 0.056853 -1.666292 -1.562342 -0.986575 -1.537945 -1.147538 0.418633 -0.330792 0.695621 
-5.399825 -3.060012 -0.474182 -2.271529 -0.014716 -1.677673 -1.552857 -0.809735 -1.427386 -1.449207 0.856331 0.119453 0.507243 
-5.230951 -3.236089 -0.410850 -2.836142 0.052179 -1.835553 -1.620360 -1.022617 -1.270693 -1.481570 0.180867 0.813221 0.390176 
-5.464262 -3.120470 -0.131056 -2.781002 -0.352331 -1.543296 -1.304640 -1.290796 -0.660875 -1.128515 -0.174321 0.853983 1.202411 
-5.474804 -2.828522 -0.706227 -3.094609 -0.741926 -1.274342 -1.816625 -1.076164 -0.584303 -1.506283 0.233332 0.849139 1.120279 
-5.536766 -2.856883 -1.025061 -3.394124 -1.327561 -1.524885 -1.656544 -0.330139 0.082495 -0.957040 -0.156951 0.477997 1.656529 
-5.915859 -2.768786 -0.774415 -3.447553 -0.816430 -1.356215 -1.717425 -1.047629 0.002359 -1.506629 0.402164 1.350735 1.060792 
-4.548456 -3.865890 -0.947794 -3.246254 -1.658303 -1.074833 -1.775407 -1.310861 -0.412241 -1.027167 -0.156934 0.978786 1.614948 
-5.193006 -3.846343 -0.965954 -3.502579 -1.453384 -1.248275 -1.367200 -1.892544 -0.313693 -0.902416 0.039580 0.575140 1.808461 
-4.596740 -4.165120 -0.696503 -3.321177 -1.994074 -0.605701 -0.999413 -1.976254 -0.699986 -0.361464 -0.174292 0.671804 2.018135 
-4.272354 -4.316882 -0.457998 -3.791797 -2.631195 -0.163538 -0.493806 -2.475275 -1.158819 -0.083400 -0.391160 0.327801 2.092579 
-4.097584 -4.886417 -0.626603 -3.407964 -3.206059 0.057025 0.026450 -2.761497 -1.322637 -0.165058 0.024946 0.272143 2.015717 
-3.558583 -4.511015 -0.775256 -3.032125 -2.254513 -0.430937 0.453406 -2.085354 -1.051975 -0.798399 -0.135424 0.883993 2.134915 
-3.416414 -4.952786 -1.769459 -2.074651 -2.210412 -0.985652 0.105600 -1.455326 -1.656590 -1.304156 -0.513832 1.073475 1.953740 
-3.199507 -5.083247 -1.373378 -1.746114 -1.961612 -0.805708 0.362720 -0.947682 -1.454207 -1.560322 -0.264872 1.377226 1.844508 
-4.042133 -4.893731 -1.044832 -2.132493 -1.993997 -1.223923 0.213667 -1.092223 -1.384947 -2.314769 -0.682977 1.086763 1.588521 
-3.923661 -5.237071 -1.526703 -1.230094 -2.240087 -1.394657 0.199739 -0.735358 -1.765216 -1.826338 -0.563503 0.894251 1.362123 
-3.996166 -5.627967 -1.284445 -0.795323 -1.911978 -1.766633 -0.064814 -0.599714 -1.975334 -1.944456 -0.588946 0.512724 1.144829 
-4.101792 -4.976868 -1.621874 -0.715682 -1.619204 -1.648097 -0.230462 -0.496379 -1.514007 -1.947286 -0.550408 0.894182 1.032725 
-4.218201 -5.340855 -1.154274 -1.109799 -1.789568 -1.543691 -0.658668 -0.550793 -1.678670 -2.030162 -0.732421 0.582692 0.927893 
-3.947506 -5.252434 -1.209145 -0.728172 -1.472282 -1.693752 -0.165561 -0.738118 -1.313280 -1.692924 -0.889088 0.844357 1.215658 
-3.959929 -5.010308 -1.317316 -0.652338 -1.513030 -1.603374 -0.403951 -0.876426 -1.225558 -1.697214 -0.989380 0.649535 0.827241 
-3.987375 -5.096522 -1.654100 -0.459537 -1.375034 -1.825047 -0.294719 -0.716865 -1.173225 -1.763693 -0.912168 0.562579 0.861804 
-4.073280 -5.050079 -1.472522 -0.555502 -1.292445 -1.769645 -0.337960 -0.794116 -0.936444 -1.799226 -1.010512 0.501113 0.599677 
-4.117860 -5.349301 -1.309572 -0.598214 -1.427481 -1.852708 -0.195776 -0.535621 -1.381912 -1.574904 -0.732815 0.098028 0.127254 
-2.498240 -4.071972 -2.136226 -1.387222 -1.812446 -1.012941 0.068650 -0.240016 -0.801909 -0.819150 -1.763615 -0.722472 -0.206168 
-2.618611 -4.180570 -2.133290 -1.729512 -1.327910 -1.044026 0.230291 -0.317944 -0.239080 -1.121925 -1.891685 -0.741513 0.346595 
-2.870980 -4.020425 -2.000681 -1.635725 -1.462217 -0.754596 0.313352 -0.440754 -0.227020 -1.147107 -1.732491 -0.623415 0.039572 
-2.982487 -4.509574 -1.424883 -1.703744 -1.677242 -0.783817 0.638700 -0.165727 -0.366468 -1.399041 -1.488282 -0.252107 -0.163112 
-3.485243 -4.376897 -1.631994 -1.824901 -1.352267 -1.505420 1.054761 0.233265 -0.589713 -1.720258 -0.925354 -0.484287 -0.296373 
-2.751068 -5.147513 -1.295484 -1.918617 -1.177223 -1.575032 1.049269 0.130626 -0.568901 -1.601187 -1.370904 -0.209667 -0.710277 
-3.124223 -4.956767 -1.911605 -1.447202 -1.807739 -1.579940 0.803014 0.512212 -0.774162 -1.716172 -1.218037 -0.493207 -0.763088 
-3.154283 -5.212467 -1.604055 -1.064836 -2.080003 -1.274914 1.310841 -0.043114 -0.443034 -1.319343 -1.329219 -0.860760 -0.875586 
-3.459898 -4.902052 -1.816074 -1.312249 -1.884143 -1.138166 0.871082 0.509663 -0.643784 -1.224776 -1.189863 -1.237455 -0.786477 
-2.995876 -5.027756 -1.586537 -1.441581 -1.542613 -0.372887 0.652898 0.577518 -0.510775 -0.558746 -1.407979 -1.043578 -0.889560 
