2.02186e-10  2.08367e-12  3.6552e-20  4.82316e-18  4.22849e-58  2.61151e-14  3.11576e-16  1.07846e-33  8.68614e-14  4.20474e-10  2.05613e-17  6.33968e-26  6.58284e-24  2.51383e-37  1.42345e-31  5.94837e-11  
8.92634e-12  1.26008e-13  3.71552e-20  1.74073e-19  2.12861e-67  5.62648e-16  3.80675e-17  4.89372e-37  3.54794e-15  1.56149e-11  6.03762e-19  9.74759e-31  8.92834e-28  1.13358e-41  8.45294e-38  8.86746e-11  
6.91389e-11  2.14497e-13  2.56971e-20  3.15734e-19  1.84306e-64  6.14838e-15  7.80777e-15  8.00713e-37  8.16693e-14  5.71528e-10  1.74876e-17  7.57302e-29  1.86015e-27  1.07866e-39  9.63058e-36  4.0771e-09  
4.2185e-11  2.57181e-14  6.01765e-20  4.80398e-21  1.19211e-61  7.34179e-16  5.82937e-13  6.73664e-36  5.7126e-13  6.54391e-11  2.69564e-16  4.16931e-27  7.70025e-25  5.98165e-38  5.36861e-35  3.52188e-09  
2.11405e-13  2.60217e-15  5.65347e-20  1.91431e-22  2.04485e-69  5.35582e-18  3.92368e-14  4.07532e-38  3.56333e-15  1.31909e-12  4.96258e-18  4.69082e-33  1.58158e-28  3.71607e-43  2.05201e-43  9.35256e-10  
3.07838e-11  4.78632e-15  1.28166e-18  2.73793e-22  1.20488e-67  7.9016e-17  2.3331e-11  1.74777e-36  6.93346e-13  7.07526e-11  2.28291e-16  6.11394e-29  1.01031e-25  3.38329e-39  9.14913e-39  1.14318e-07  
2.7082e-11  4.62799e-15  8.91443e-19  3.97548e-22  1.29691e-65  7.90883e-16  5.50989e-13  1.86669e-36  2.21845e-13  2.21183e-11  3.77516e-16  1.73609e-29  8.30543e-26  9.27765e-39  1.6275e-38  1.32851e-07  
2.93061e-11  4.76676e-14  1.40529e-16  3.06126e-21  4.60219e-61  3.47161e-16  9.91062e-11  9.07775e-33  2.82279e-12  4.94908e-11  5.07355e-15  7.88447e-27  5.8607e-24  1.15837e-35  6.06467e-36  2.26256e-07  
1.02641e-10  2.81045e-14  5.21421e-17  1.38508e-21  9.95892e-57  4.59404e-15  3.37782e-11  1.3981e-32  3.41614e-12  1.33859e-10  1.83726e-14  2.90917e-26  1.30894e-23  1.68966e-34  1.04509e-33  3.38706e-07  
4.09165e-12  6.47516e-15  1.55776e-16  1.39162e-21  7.0253e-66  8.62439e-18  4.64972e-10  2.11793e-34  1.14604e-12  2.80852e-11  2.91525e-16  1.27816e-28  3.84318e-27  5.28202e-38  9.49002e-39  1.701e-07  
6.00977e-12  5.08029e-16  3.87519e-18  1.42826e-22  8.23212e-57  6.24337e-16  1.66605e-11  9.22959e-34  1.88324e-12  4.0326e-12  1.31276e-14  2.00049e-26  7.31574e-26  3.40009e-34  4.79686e-34  7.53829e-08  
6.5491e-12  7.98014e-16  2.32288e-18  2.05941e-22  6.28961e-67  7.71778e-18  3.05282e-11  8.64153e-37  8.61133e-13  1.0415e-11  2.65243e-17  2.37691e-28  2.74503e-28  3.04482e-38  6.04279e-37  3.55384e-08  
5.79767e-12  1.87595e-10  4.97661e-12  1.08802e-13  2.90996e-23  1.78701e-13  2.123e-11  4.6586e-15  1.00172e-10  2.01958e-13  6.71321e-13  1.22346e-10  1.07275e-21  4.57843e-15  3.53983e-16  1.429e-18  
1.30571e-12  3.26469e-15  5.4597e-15  1.968e-17  9.09276e-23  1.46395e-13  4.99028e-11  2.62544e-16  1.07988e-10  3.21493e-15  1.40619e-10  4.10141e-10  2.40891e-19  1.18141e-13  1.56573e-16  8.52156e-18  
2.18418e-11  2.78576e-15  9.90658e-16  1.89671e-18  2.00889e-18  4.61505e-12  1.21644e-11  5.65001e-16  3.54854e-10  4.28024e-15  1.14271e-09  2.86428e-09  1.8689e-15  1.12876e-11  9.23234e-14  2.03602e-17  
1.65972e-10  1.5614e-13  1.37446e-14  1.06957e-17  4.81662e-18  1.44578e-11  1.86774e-12  2.46641e-14  4.27167e-09  2.26955e-15  8.02646e-09  4.17948e-09  5.32885e-13  9.36598e-10  3.76276e-12  3.04362e-16  
6.31333e-10  4.16054e-14  3.02858e-15  5.49719e-19  7.23193e-15  1.18185e-10  5.81155e-13  7.40214e-15  4.3891e-09  1.12648e-15  3.83577e-08  3.41115e-09  1.26865e-10  3.9479e-09  3.52288e-11  2.59254e-16  
8.00364e-10  1.05382e-13  6.84397e-15  8.78965e-19  1.06677e-15  2.00566e-10  1.66667e-13  4.77402e-15  7.51146e-09  7.08517e-16  5.90147e-08  5.81474e-10  7.08441e-11  5.05923e-09  1.06003e-11  1.62311e-15  
4.89871e-11  5.5724e-14  9.40084e-14  4.40191e-18  8.00484e-17  9.31123e-12  3.05928e-13  1.86403e-13  5.7261e-09  3.93844e-17  5.74202e-08  8.08096e-10  5.88111e-12  1.1698e-08  8.71481e-13  1.76489e-16  
3.87737e-11  2.09479e-15  5.59889e-15  7.2085e-20  1.19494e-17  1.34535e-11  9.55977e-14  7.37197e-15  2.28205e-09  9.69072e-18  1.61083e-07  3.46212e-10  6.85521e-11  2.16037e-09  1.18671e-13  1.45697e-16  
1.93684e-13  1.19367e-16  3.06521e-14  1.20315e-18  3.4802e-22  4.69727e-14  1.7486e-14  7.38922e-14  4.76127e-10  2.38417e-20  2.84438e-08  1.63267e-10  6.55709e-15  5.60821e-10  4.1903e-16  2.10049e-18  
1.60443e-12  1.97821e-17  6.0115e-16  1.16306e-20  1.71695e-20  5.12665e-13  1.27808e-16  3.90019e-16  2.59961e-10  2.94783e-21  5.97091e-09  6.65692e-11  4.20002e-13  7.74877e-10  2.42933e-14  3.31085e-19  
1.87461e-13  1.79608e-17  4.36008e-14  1.73647e-19  2.22042e-20  2.11114e-14  4.65892e-15  9.8149e-14  7.14111e-10  8.46396e-22  6.11653e-09  9.58281e-10  1.26516e-13  5.85123e-09  1.8629e-14  6.16486e-20  
4.17623e-12  3.08862e-16  1.80512e-13  3.35362e-19  5.55129e-19  3.39504e-13  7.98288e-14  8.27159e-14  2.78714e-09  8.79575e-20  1.64544e-08  2.74021e-09  1.96831e-12  6.26785e-09  3.89217e-13  2.71423e-18  
9.32311e-11  4.35731e-14  1.16118e-12  7.68762e-18  1.25492e-18  2.56279e-12  1.56672e-12  3.83925e-13  9.3213e-09  1.31605e-17  2.7379e-08  3.33946e-08  9.46427e-12  4.97508e-09  1.0245e-11  9.83101e-17  
4.0735e-10  1.13608e-12  5.84581e-11  7.11725e-17  4.83974e-18  1.1281e-12  7.27977e-12  7.43632e-14  1.04011e-08  7.84689e-16  7.30778e-10  3.94667e-09  2.67214e-13  6.71277e-12  3.40139e-11  8.98683e-17  
9.98582e-09  1.06243e-09  4.00536e-13  2.28417e-15  2.31496e-19  1.08203e-10  2.26638e-15  2.83037e-15  2.00348e-09  2.79551e-13  3.77227e-11  7.68401e-11  1.3082e-11  2.38745e-14  2.45166e-10  1.95766e-15  
7.45132e-13  9.1436e-16  2.59426e-18  6.70266e-22  4.49674e-60  2.00503e-17  2.6183e-11  1.31561e-33  1.17055e-12  5.10027e-10  6.01231e-19  9.78365e-28  9.25343e-34  3.46125e-35  2.9754e-35  2.91689e-09  
2.85429e-14  3.73889e-16  2.59116e-21  2.01003e-24  4.18758e-70  3.11938e-18  1.63102e-13  2.26579e-39  1.20882e-15  7.4157e-10  1.92644e-21  1.31697e-35  1.13333e-34  1.96104e-44  2.04277e-43  8.28371e-09  
2.16964e-14  1.41218e-14  8.46235e-23  3.17064e-22  1.53269e-67  1.12722e-16  1.40485e-16  1.48518e-38  7.4931e-17  2.35306e-09  1.69795e-21  7.30231e-36  8.47658e-33  5.18523e-45  2.14667e-42  4.48633e-10  
1.00701e-13  2.46765e-14  9.48053e-23  2.08747e-21  3.96953e-64  1.26862e-15  6.86006e-17  4.96445e-37  1.14113e-16  7.4421e-09  9.95149e-21  2.26038e-34  1.28236e-31  2.31624e-43  5.36754e-41  5.35386e-10  
1.53652e-14  4.42493e-14  1.5161e-22  2.32281e-20  9.72771e-72  7.50363e-17  1.46155e-18  1.33374e-38  4.95343e-18  1.52011e-09  6.66353e-23  4.81044e-37  4.8166e-35  8.48037e-47  1.15285e-44  4.48917e-11  
1.11735e-14  4.66236e-15  1.03161e-23  2.44225e-20  8.95835e-73  4.50731e-17  1.09112e-20  2.93694e-40  6.39242e-19  9.9121e-10  5.95845e-24  3.38744e-39  7.78691e-35  2.63634e-50  1.43041e-45  6.19876e-11  
4.53923e-15  1.47591e-14  1.22102e-22  8.49721e-20  1.02514e-71  1.18032e-16  6.11783e-20  6.03185e-39  1.09019e-18  1.1156e-10  2.14555e-22  1.60875e-38  4.23097e-35  2.9343e-48  2.05172e-46  3.84961e-11  
8.41907e-15  2.77631e-14  2.04313e-23  2.61824e-20  3.51474e-68  7.58422e-16  5.60675e-20  4.06077e-39  1.53721e-18  8.39682e-10  3.08894e-22  1.74391e-38  3.69176e-35  1.07403e-47  9.14423e-45  3.02639e-11  
9.10698e-15  6.5904e-14  1.00108e-22  2.32735e-19  3.26426e-72  3.16694e-16  2.34806e-20  8.09564e-39  5.50466e-19  3.63756e-10  1.70357e-22  7.12931e-39  3.85034e-35  1.21168e-48  4.66556e-47  1.77011e-11  
6.16491e-13  1.55782e-13  1.23209e-22  6.6878e-19  1.47023e-64  1.01794e-14  1.8418e-19  5.31616e-37  3.60814e-17  6.94612e-09  8.3141e-21  2.4518e-34  5.90458e-31  8.92231e-45  9.34428e-40  1.6416e-10  
3.00659e-14  1.89444e-13  9.11819e-22  4.05682e-19  3.16414e-68  1.42855e-15  5.65052e-19  2.28122e-37  8.77731e-18  3.90782e-10  8.04619e-21  1.55079e-36  1.22063e-33  1.11111e-45  4.46694e-44  7.27479e-11  
1.50538e-14  2.73347e-14  6.27982e-23  1.15964e-19  4.32945e-70  6.35852e-16  1.71953e-20  1.98783e-39  9.08953e-19  3.56003e-10  2.26121e-22  7.25927e-39  3.13039e-35  1.03148e-48  1.71087e-45  4.03455e-11  
2.76581e-14  1.80853e-13  9.17044e-22  2.19737e-19  3.87555e-68  1.1343e-15  1.45108e-18  2.59585e-38  1.03914e-17  4.97539e-10  4.67044e-21  3.67306e-37  6.20537e-35  2.51486e-46  5.04734e-44  8.32061e-11  
2.43328e-14  2.70385e-14  1.03971e-22  1.66741e-19  3.59799e-71  4.37759e-16  1.0005e-20  2.24316e-39  6.07572e-19  5.24609e-10  1.08309e-22  2.70836e-39  4.92923e-35  1.61617e-49  5.24154e-46  5.8503e-11  
3.15264e-14  3.45349e-13  1.98747e-21  1.92929e-18  4.00906e-68  1.61565e-15  2.90896e-19  1.56007e-37  5.96897e-18  2.70772e-10  6.08302e-21  5.5057e-37  5.33242e-35  2.95081e-46  3.96728e-44  3.02314e-11  
1.24385e-14  4.62832e-14  3.38933e-23  3.82383e-19  4.0659e-71  6.75293e-16  2.56797e-21  5.11584e-39  3.45854e-19  7.11173e-10  1.20334e-22  2.44934e-39  2.34026e-35  2.55992e-49  1.95303e-46  7.77439e-12  
3.55749e-15  3.71227e-14  2.23408e-24  1.79622e-18  3.18879e-76  7.16176e-17  6.27497e-23  4.69642e-40  6.10797e-20  7.73785e-10  3.32838e-24  3.11171e-40  1.34423e-36  2.08839e-51  3.92743e-48  2.27049e-13  
1.67275e-08  1.89832e-11  2.24807e-17  1.30067e-18  1.89599e-25  2.14142e-12  4.68071e-18  1.42575e-21  3.74495e-11  9.961e-13  4.23638e-15  1.04407e-14  3.60209e-13  1.10506e-21  1.30329e-12  3.50778e-15  
2.07851e-09  3.07605e-12  1.18748e-18  6.48854e-17  4.81972e-19  1.58835e-12  1.22679e-23  6.8041e-20  1.62033e-13  3.32018e-15  4.6704e-17  1.62937e-15  1.99954e-13  1.32114e-22  1.25304e-10  8.15791e-20  
2.1893e-09  5.31394e-12  2.20147e-18  3.89107e-16  7.71377e-14  1.83025e-10  6.67879e-24  4.59836e-18  5.70245e-14  5.03416e-15  2.17337e-15  4.1919e-15  1.10819e-11  1.75207e-20  5.87201e-09  1.11721e-19  
2.46999e-08  3.84279e-11  2.52423e-16  6.10608e-17  7.32416e-12  1.03311e-08  3.46912e-19  2.82323e-16  8.65335e-12  5.68293e-14  2.28377e-11  2.31994e-12  6.11533e-09  2.54077e-15  1.35812e-08  3.31883e-17  
1.90531e-08  1.9164e-11  6.7576e-16  2.85362e-18  8.24098e-11  6.76573e-09  3.8538e-18  5.91105e-16  6.64165e-11  2.67223e-15  5.54458e-10  2.78932e-11  2.86275e-07  7.78578e-13  2.92827e-08  2.8479e-17  
2.8429e-09  1.28869e-11  1.94312e-15  1.14853e-18  4.39118e-10  1.00832e-09  1.8069e-18  2.15175e-15  6.66765e-11  1.01418e-16  5.69207e-10  1.68131e-11  3.04863e-07  3.9025e-12  1.7278e-08  1.94019e-18  
3.21602e-10  1.34299e-11  2.82463e-14  9.45202e-19  6.52281e-10  1.08657e-10  6.35432e-18  4.9148e-14  1.00208e-10  6.31732e-18  8.81633e-10  2.02317e-11  1.89257e-07  4.08684e-11  3.73592e-09  6.76265e-20  
8.39543e-10  1.25282e-11  5.49945e-14  4.06953e-19  2.62311e-10  6.07933e-11  9.69541e-17  2.84752e-14  5.81818e-10  7.11029e-18  1.2638e-08  1.48112e-10  1.02857e-06  1.11255e-10  1.90194e-09  1.38699e-18  
1.84456e-10  2.60916e-12  1.12781e-13  2.85731e-18  7.32551e-11  5.43983e-11  2.86514e-15  1.50958e-13  1.22614e-09  3.52072e-18  1.33962e-07  2.44508e-09  8.33169e-08  3.6317e-09  1.08213e-10  1.09152e-18  
6.50919e-11  1.57939e-12  1.33313e-13  7.59538e-19  1.34116e-10  2.56689e-11  8.65551e-15  3.5789e-13  1.70105e-09  1.07339e-17  1.05341e-07  3.13523e-10  2.61685e-08  4.46189e-09  6.64645e-11  1.69004e-18  
4.43343e-12  4.06046e-13  1.61858e-14  6.47925e-17  1.38995e-12  2.23165e-11  2.56507e-15  4.52574e-13  5.79595e-10  2.79636e-18  3.37268e-08  4.35082e-09  1.6111e-10  1.6834e-08  2.45582e-12  1.3799e-19  
7.00941e-13  2.86027e-13  8.10086e-13  3.52142e-18  5.74139e-12  2.09988e-13  1.81156e-15  3.42398e-12  4.02988e-10  5.85923e-20  1.85818e-08  9.08444e-11  6.9992e-10  1.19766e-09  2.11834e-13  2.24746e-21  
2.06398e-11  2.90943e-14  2.29699e-13  2.23107e-18  6.9709e-15  1.24122e-11  4.24122e-12  4.67761e-14  3.65168e-09  1.93457e-16  7.51379e-07  6.78064e-10  2.80472e-11  2.27574e-10  1.11946e-13  7.85063e-16  
5.81319e-12  4.16751e-15  5.28489e-14  1.50257e-18  2.77165e-16  6.45941e-12  9.38342e-14  2.19757e-14  5.40499e-10  1.76225e-17  9.5421e-08  1.68615e-10  1.15359e-12  9.07977e-11  1.53469e-14  4.85031e-18  
1.90116e-12  3.80263e-16  5.34296e-14  1.83463e-18  4.05915e-19  3.18809e-12  3.86397e-13  1.91675e-15  3.55434e-10  2.39613e-17  1.25001e-07  1.38389e-11  9.05892e-16  4.2512e-12  1.93804e-16  1.19284e-16  
1.4278e-13  2.59524e-18  2.27478e-16  3.47743e-20  1.38598e-24  3.99537e-13  7.90708e-16  3.90891e-19  8.0474e-12  2.01686e-18  1.84973e-09  2.49018e-15  2.85714e-21  9.74081e-16  3.0794e-20  1.99611e-17  
1.08157e-14  4.94585e-19  1.87609e-16  5.41353e-21  3.59616e-28  4.59963e-14  2.51462e-16  7.35394e-20  6.4619e-13  8.86221e-19  1.34921e-10  8.61265e-18  2.5797e-24  1.12197e-17  6.1615e-24  2.8743e-18  
1.34162e-13  1.03047e-17  1.81943e-15  2.359e-20  1.57003e-26  1.81762e-13  6.06435e-13  1.00784e-17  7.70452e-11  2.52367e-17  4.05303e-08  4.31882e-14  1.64508e-18  8.36031e-15  9.42306e-21  6.62582e-16  
3.63624e-12  1.8968e-17  6.6125e-16  1.37173e-21  2.36488e-24  1.46775e-12  2.23591e-10  1.27864e-18  7.64987e-10  1.9834e-15  1.98398e-07  7.27116e-13  1.32627e-14  1.49735e-14  7.54186e-19  3.41024e-13  
4.68156e-13  8.45493e-17  2.93483e-15  3.51172e-21  1.58839e-24  2.66755e-13  2.39169e-10  1.61498e-17  4.2014e-10  4.89156e-16  2.29383e-07  2.45552e-13  2.74832e-14  8.61771e-15  1.15414e-19  1.29111e-13  
9.59587e-13  5.4796e-17  2.51842e-18  1.8489e-23  2.52426e-21  3.37938e-12  1.54786e-12  1.66081e-19  7.53624e-11  1.23013e-16  1.94253e-07  2.06403e-14  2.45063e-12  7.83154e-15  1.11163e-18  7.83371e-15  
1.42024e-11  2.65625e-15  7.43566e-17  8.28575e-22  1.47254e-20  4.4583e-11  1.25943e-11  2.0453e-18  1.44209e-10  4.67451e-15  1.2352e-07  3.71565e-13  4.52507e-12  6.34206e-14  1.06764e-17  5.75321e-14  
3.60015e-11  6.24252e-15  6.78875e-18  2.57561e-22  1.90856e-19  3.36655e-10  4.85056e-13  2.33339e-19  2.33362e-11  4.18322e-15  2.8576e-08  9.86964e-14  4.18353e-11  1.04715e-14  3.63357e-17  2.49268e-14  
1.08877e-10  1.3473e-13  2.71109e-16  6.17416e-21  5.06228e-17  2.27909e-10  1.0286e-11  4.58159e-17  2.84186e-10  2.7415e-14  8.063e-08  7.67815e-12  6.7701e-10  6.57339e-13  1.28203e-14  3.39248e-14  
1.90344e-10  7.10821e-14  1.41342e-17  1.14379e-21  5.17347e-16  2.25414e-09  6.35678e-13  1.24833e-18  6.84428e-11  3.11431e-14  9.18038e-08  4.27014e-13  2.42349e-09  5.23668e-14  4.1997e-15  6.33487e-14  
1.19237e-10  7.53792e-14  9.68874e-17  1.73712e-20  1.13594e-17  3.44335e-10  8.75324e-12  1.23731e-17  1.79451e-10  2.32878e-14  1.16069e-07  1.44658e-11  2.43869e-10  1.89032e-13  3.19561e-15  3.36271e-14  
1.30611e-09  1.28583e-12  5.03899e-17  5.58783e-20  4.80997e-16  4.79267e-09  2.40582e-12  7.26107e-18  1.86944e-10  6.25375e-13  6.09169e-08  1.05882e-11  1.10657e-09  1.07351e-13  8.6469e-14  7.28881e-14  
9.01029e-10  1.42367e-12  3.68485e-17  5.49459e-20  1.21992e-16  2.50439e-09  2.45175e-12  9.29738e-18  1.49121e-10  5.39398e-13  2.28313e-08  1.52003e-11  6.66153e-10  9.98387e-14  7.98349e-14  3.70247e-14  
1.40888e-09  6.37985e-12  1.40015e-17  1.63298e-19  8.28551e-16  8.05997e-09  3.07846e-13  7.19755e-18  6.94242e-11  1.20238e-12  1.3981e-08  6.53612e-12  1.43007e-09  3.23635e-14  1.35209e-13  1.27243e-14  
3.00161e-09  2.88486e-11  8.70461e-18  9.89302e-19  3.64558e-16  5.94918e-08  1.37495e-15  6.10233e-18  6.82905e-12  1.96446e-12  1.78525e-09  3.58836e-13  1.85707e-09  1.49804e-15  6.95782e-14  6.55867e-15  
3.17352e-09  1.28167e-11  2.10279e-22  2.14725e-16  1.21613e-22  1.01995e-07  1.34273e-19  2.1255e-23  2.5596e-13  1.70839e-09  2.96522e-13  7.42498e-17  3.70238e-15  6.44379e-23  3.87546e-15  1.1611e-14  
4.4191e-10  4.5073e-12  5.91728e-23  4.94283e-17  6.83992e-23  2.31926e-08  1.22497e-18  8.07007e-24  4.8124e-13  3.04741e-10  1.18914e-12  2.50146e-16  3.95944e-15  2.53552e-22  5.46598e-16  1.87289e-15  
6.83962e-10  2.81633e-11  2.19597e-22  1.09633e-16  9.36875e-22  7.14341e-08  6.2442e-19  6.74134e-23  4.48667e-13  6.05353e-10  2.20616e-12  1.66418e-16  6.2542e-15  1.49344e-21  1.21694e-15  1.17864e-15  
1.99206e-10  6.99232e-11  1.35639e-21  5.59217e-17  5.09356e-22  7.27026e-08  9.51998e-19  1.19179e-21  2.86877e-13  9.98455e-11  1.80737e-11  1.37791e-16  1.30641e-14  2.83391e-20  7.08244e-17  6.8691e-16  
5.37912e-11  4.43861e-11  5.09799e-22  1.77919e-17  3.77495e-22  1.74555e-08  3.28772e-21  2.16556e-20  4.31314e-14  3.23526e-12  2.16957e-12  6.51341e-17  1.66693e-13  6.92805e-20  1.91847e-16  1.36636e-17  
1.7376e-11  6.43678e-12  2.68986e-23  1.78876e-17  4.96796e-26  6.93038e-09  5.21013e-22  9.84297e-23  4.51922e-15  2.5052e-12  3.15094e-13  1.99659e-18  1.64706e-15  3.23936e-23  5.15559e-19  1.0177e-17  
1.26008e-11  1.92889e-12  6.45012e-24  8.88674e-18  8.29053e-25  1.03521e-08  5.86296e-23  1.33597e-22  1.14654e-15  6.58974e-12  2.0951e-14  4.22431e-19  1.28733e-15  1.22455e-23  1.77406e-18  7.11288e-18  
2.24376e-12  5.95344e-13  1.54015e-25  7.27196e-17  1.53605e-27  4.47431e-09  2.36073e-25  5.02285e-24  2.40526e-17  4.82173e-12  8.18446e-16  2.4732e-21  1.02685e-18  7.99495e-27  3.75468e-21  2.18153e-19  
2.46853e-12  4.70987e-13  1.54731e-25  2.25439e-16  5.91329e-25  7.42647e-09  7.45102e-27  1.61522e-23  1.33556e-17  5.50583e-12  1.29443e-16  1.40392e-21  2.84866e-17  2.02369e-27  2.58737e-19  2.19627e-19  
1.76039e-12  3.51233e-12  1.69606e-24  9.78333e-15  1.31345e-25  1.08636e-08  4.83052e-26  1.22933e-23  2.49658e-17  1.76973e-11  2.17979e-16  1.49165e-21  8.86908e-20  1.13739e-27  1.86978e-19  4.29809e-19  
