2.10232e-20  2.35196e-28  3.26682e-17  3.12838e-32  1.76972e-27  9.56368e-11  4.66013e-48  8.63621e-24  3.99369e-30  6.24361e-34  2.03865e-48  6.03544e-12  3.41552e-18  7.18273e-27  2.36029e-12  1.31715e-11  
1.15986e-21  1.09363e-31  1.03312e-18  7.90184e-33  7.92985e-29  5.31791e-12  3.90291e-50  1.6129e-26  1.69013e-35  1.13132e-36  7.75057e-52  1.3687e-13  5.0079e-21  5.18454e-30  4.30626e-13  1.78516e-12  
5.68721e-18  3.04268e-28  1.76027e-16  1.61423e-31  2.57785e-28  1.9725e-12  5.60263e-49  1.83245e-21  1.76743e-33  6.78239e-35  9.18596e-51  8.85851e-12  1.11691e-18  5.85928e-29  2.33404e-11  6.5411e-12  
2.08467e-16  5.19966e-28  1.84734e-15  1.40712e-30  8.46886e-30  9.0346e-14  1.37742e-50  6.03212e-22  1.36822e-31  1.01507e-36  4.72304e-55  9.80016e-12  1.11767e-18  7.12501e-32  8.42118e-11  4.76923e-13  
2.83881e-18  2.16893e-32  1.14627e-17  1.68292e-30  8.5095e-32  1.91283e-15  1.30703e-49  6.51551e-26  2.52412e-36  3.90258e-38  2.84105e-56  4.44156e-14  2.91249e-22  1.06032e-33  1.55108e-12  3.18858e-14  
6.69496e-15  1.3566e-28  8.34963e-14  5.99222e-28  4.98005e-29  9.45218e-15  5.85466e-48  1.92936e-21  8.80792e-31  1.71769e-35  1.26386e-54  1.67332e-11  6.04779e-19  7.20104e-34  1.17647e-10  1.34881e-13  
3.39973e-16  7.95896e-29  5.77611e-15  1.31879e-28  5.88831e-29  6.21091e-14  1.71281e-47  1.4766e-21  6.76747e-34  9.36303e-36  5.83695e-54  5.39572e-12  5.61101e-20  4.81987e-34  3.40377e-10  2.97683e-13  
7.10203e-14  1.66112e-26  1.68812e-13  1.9832e-24  1.71796e-26  7.41852e-15  3.13386e-41  1.16313e-19  2.70595e-29  7.27143e-32  6.47854e-49  1.04749e-11  5.71109e-18  4.21927e-32  1.55721e-09  6.0601e-13  
1.22447e-14  1.33042e-26  5.31839e-14  3.19424e-25  4.60096e-27  8.51114e-14  2.69445e-42  1.05117e-19  1.3896e-29  9.13712e-33  9.64994e-50  2.91766e-11  4.03656e-18  1.26886e-32  2.08274e-09  8.67008e-13  
2.46924e-13  9.6315e-28  2.96157e-14  3.59516e-24  8.1423e-27  2.1018e-16  8.5045e-42  6.0051e-20  1.95644e-30  9.11592e-33  1.60616e-49  1.24355e-12  7.09043e-18  1.51241e-32  4.65742e-10  1.29727e-13  
1.51376e-14  2.46252e-26  3.95173e-15  6.78167e-27  2.70804e-28  2.09574e-16  5.88512e-46  3.34841e-19  1.88296e-32  5.33482e-36  3.9579e-53  7.09236e-13  2.4925e-18  1.5544e-34  2.85244e-09  9.84807e-14  
1.5161e-14  6.779e-28  3.50663e-15  1.72804e-27  2.91687e-28  3.00747e-16  9.79906e-48  5.14621e-20  1.4901e-32  7.3925e-37  5.36514e-54  1.00221e-12  6.46075e-18  2.15448e-34  3.55361e-10  7.4658e-14  
4.84221e-11  2.64943e-16  1.89754e-11  1.16766e-15  9.86177e-15  2.21031e-18  4.65486e-25  1.33498e-15  4.70145e-10  1.85481e-15  2.28565e-23  3.32925e-12  3.70745e-15  5.63249e-19  2.02365e-15  1.30966e-10  
1.14756e-10  2.83639e-15  4.18822e-10  3.55691e-21  2.65357e-18  1.13937e-22  1.57974e-39  2.9836e-14  1.76516e-08  4.65064e-25  1.51341e-39  1.20307e-13  4.03958e-15  4.62667e-27  8.45955e-16  1.9298e-13  
1.01492e-10  2.42056e-13  8.90094e-09  2.26541e-22  8.76449e-19  8.67738e-21  1.20316e-40  2.96093e-14  6.9732e-08  3.33873e-27  1.24426e-42  6.38725e-12  9.23845e-15  1.03167e-28  1.868e-15  2.6368e-13  
2.70524e-10  8.86108e-11  3.38734e-07  1.03251e-20  1.6336e-16  3.64194e-19  5.07872e-38  3.45389e-16  5.04681e-09  1.3093e-25  1.25157e-40  9.80538e-11  2.93948e-14  6.84746e-28  3.14243e-13  5.50549e-12  
1.33196e-10  1.80756e-10  7.35254e-07  8.14655e-22  7.39753e-18  7.04888e-18  8.47891e-40  2.12058e-16  4.68582e-10  3.4123e-28  1.28795e-44  9.83933e-10  8.51262e-15  4.37586e-30  1.67522e-13  2.16679e-12  
1.06774e-10  6.00043e-10  5.08268e-07  2.69264e-21  4.0271e-17  3.82777e-17  8.54849e-39  1.27201e-16  1.67525e-12  1.03556e-27  4.91901e-44  1.08936e-09  9.47196e-15  8.37454e-30  3.01599e-12  6.68558e-12  
3.85111e-10  1.76208e-09  3.22823e-07  1.78945e-19  1.65507e-15  8.00669e-20  2.29982e-36  1.05582e-16  1.03724e-11  6.44136e-26  2.15376e-41  4.43078e-11  1.33107e-14  5.40155e-29  1.28407e-12  2.93282e-12  
1.71653e-11  1.21109e-10  1.85591e-07  1.11585e-21  1.2541e-17  7.73036e-20  1.46345e-40  1.11639e-16  8.46696e-14  5.32192e-29  1.90353e-46  3.6553e-11  5.6309e-16  6.25103e-32  6.41293e-13  2.85504e-13  
5.21114e-12  5.8861e-11  3.42978e-09  3.56909e-21  7.66596e-16  8.29002e-25  5.30751e-41  1.07762e-17  4.94348e-15  2.60808e-28  5.89622e-44  2.76539e-14  5.18736e-16  3.58679e-31  1.98202e-13  3.88845e-14  
1.44986e-13  1.432e-11  1.45047e-09  4.28602e-24  3.55064e-18  2.69108e-22  2.84265e-45  2.80252e-20  4.53886e-19  1.21079e-32  3.24918e-49  4.44954e-13  7.33341e-18  1.13531e-34  8.14798e-14  2.23839e-14  
9.42846e-12  2.77e-10  1.50714e-09  1.01175e-20  9.95714e-16  7.78304e-25  1.11246e-39  6.18454e-19  2.302e-17  3.67315e-29  1.96972e-44  5.28878e-14  3.99689e-16  1.46784e-32  8.35397e-14  1.09135e-14  
6.71407e-11  3.77732e-10  8.15254e-09  2.18785e-19  1.33955e-15  2.08807e-22  4.05814e-37  3.12867e-17  1.13131e-15  2.3035e-27  1.51502e-42  2.95831e-12  3.24621e-15  1.24341e-31  7.5531e-13  9.06328e-14  
2.80386e-10  2.4973e-10  4.02511e-08  3.48326e-18  3.97887e-15  4.88556e-20  3.93877e-36  1.60765e-16  3.33715e-12  4.11051e-25  1.35679e-39  8.97618e-11  7.8314e-14  2.12697e-29  4.28387e-12  1.42304e-12  
4.41186e-10  1.61861e-12  6.24991e-10  1.55651e-14  6.76119e-15  3.12098e-18  3.81593e-25  2.43099e-17  4.78624e-16  7.83737e-20  5.12235e-31  1.47463e-09  1.99581e-14  1.78031e-26  1.36397e-11  1.12154e-11  
7.57501e-15  1.76419e-14  4.01368e-11  4.4832e-19  5.75995e-16  6.5578e-12  2.39737e-27  4.21443e-21  2.11206e-20  3.34889e-20  2.45576e-30  3.33377e-09  6.81885e-16  5.90885e-23  1.61705e-10  1.51861e-09  
2.45263e-14  6.93569e-26  1.06241e-13  1.43439e-24  1.72596e-24  2.83193e-18  1.14243e-39  7.65958e-21  8.3309e-27  2.52677e-27  7.70877e-43  8.80538e-14  1.98422e-19  1.36262e-28  3.42673e-12  1.48127e-12  
2.4313e-19  1.50321e-34  6.28615e-17  2.49054e-30  3.11732e-32  3.43356e-16  9.48353e-47  7.75967e-30  2.94525e-38  1.34603e-33  1.72127e-51  3.10007e-15  1.61548e-26  1.95229e-32  7.32395e-13  1.84939e-13  
7.73098e-23  4.78863e-35  4.49226e-19  1.24971e-33  1.24861e-32  9.93608e-14  7.06093e-48  4.66933e-31  5.04135e-41  8.39549e-34  2.05869e-50  3.4746e-16  7.37867e-27  4.22208e-29  1.52204e-13  1.68349e-12  
4.41001e-23  3.05668e-34  7.54161e-19  8.80295e-34  1.16824e-31  5.72371e-13  2.06206e-48  1.32752e-29  4.52289e-39  9.42984e-33  1.62747e-49  8.78894e-16  3.38404e-26  4.63951e-28  3.12156e-13  3.40857e-12  
1.67155e-24  1.56009e-36  8.047e-21  2.83788e-34  3.94893e-31  3.02769e-13  1.5208e-48  1.00902e-31  1.5867e-42  4.516e-33  6.99727e-48  2.76878e-17  3.67939e-27  1.90461e-27  1.36217e-14  3.41506e-12  
2.81682e-26  1.3234e-37  2.63459e-22  4.0495e-36  3.7089e-32  3.54629e-13  6.38411e-48  1.5199e-32  2.37163e-47  9.01617e-34  4.03561e-48  1.43358e-17  1.03001e-27  2.11276e-27  1.60578e-14  1.49706e-12  
4.30031e-25  6.4036e-37  3.33259e-22  7.04661e-35  1.06061e-31  7.37532e-14  2.75191e-48  4.7111e-33  8.09592e-46  8.73858e-34  7.09443e-48  6.52913e-18  2.22105e-27  1.63599e-27  1.55553e-14  1.88688e-12  
3.47469e-26  3.97323e-37  1.21058e-22  6.10162e-36  1.78358e-32  2.80375e-12  4.08547e-48  4.06791e-34  9.87747e-44  2.4062e-34  8.56649e-48  1.94927e-17  2.14836e-27  1.73037e-26  2.80761e-15  4.23428e-12  
2.13525e-26  2.80214e-38  1.28575e-22  1.16575e-35  6.86303e-32  2.14149e-12  1.22623e-48  6.04133e-35  1.78639e-44  9.34365e-34  5.04217e-47  1.09752e-17  6.32615e-28  1.47929e-26  2.96325e-15  3.57542e-12  
2.7711e-25  4.89394e-35  1.02432e-20  1.69716e-35  8.67088e-31  4.6479e-11  2.57272e-48  1.71683e-31  2.04737e-42  5.39554e-33  7.84628e-47  1.03189e-15  1.93883e-25  4.77072e-26  2.67679e-13  1.32469e-11  
2.21129e-24  8.04808e-36  2.7832e-21  6.04256e-34  7.00672e-31  1.50745e-12  1.68253e-47  5.73106e-33  1.18888e-42  5.33136e-33  2.15038e-46  8.36941e-17  2.07392e-26  1.63129e-26  3.71271e-14  7.97141e-12  
1.85704e-26  4.93041e-38  3.43407e-23  5.13618e-36  2.30679e-32  3.57462e-12  4.07345e-48  4.73848e-35  2.9136e-45  1.23781e-34  2.13913e-47  2.10168e-17  2.16321e-27  7.42855e-27  4.1742e-15  3.38136e-12  
3.69836e-24  3.09566e-36  7.04209e-22  6.26261e-34  1.89918e-31  2.64532e-12  7.22667e-47  7.65116e-34  5.17904e-42  8.83604e-34  3.38407e-46  1.38459e-16  4.85354e-26  2.32197e-26  1.04591e-14  8.26387e-12  
1.34257e-26  2.50996e-38  5.62503e-23  1.35859e-35  6.43798e-32  4.05133e-12  7.51125e-47  8.26214e-35  2.88787e-45  1.15175e-33  3.51771e-46  4.12088e-17  1.13941e-27  1.02856e-26  4.46773e-15  3.56056e-12  
8.41952e-25  2.5231e-36  4.07528e-22  8.13632e-34  1.43108e-30  2.40088e-12  4.50624e-46  4.33007e-34  1.54046e-41  1.16758e-32  3.12837e-44  1.30713e-16  5.23547e-26  2.34611e-25  4.75076e-15  1.16388e-11  
9.13527e-28  1.85811e-38  3.2558e-23  1.9073e-36  1.1685e-31  9.76192e-12  7.59388e-47  1.69071e-35  9.98348e-44  2.9354e-33  4.0224e-45  1.88047e-17  1.02792e-27  3.24567e-25  3.90243e-16  4.81424e-12  
8.92815e-30  2.21346e-39  1.28386e-23  2.39574e-38  2.54407e-31  9.14808e-12  3.25838e-48  4.49701e-36  1.11275e-45  5.27343e-33  3.33131e-44  3.32033e-18  2.97582e-28  1.24999e-23  3.82071e-17  3.61651e-12  
4.37585e-19  2.98391e-20  2.34163e-13  1.08774e-25  1.91172e-22  3.56449e-11  4.35469e-36  7.72811e-27  9.77447e-26  3.21284e-26  9.49576e-39  8.93135e-10  1.12332e-20  2.43169e-27  7.28786e-11  1.83291e-10  
6.42807e-23  1.94359e-20  1.59832e-16  7.25055e-28  1.29377e-21  2.1121e-12  7.07575e-34  2.95291e-29  5.85075e-29  7.60874e-26  6.65705e-35  5.2706e-11  2.06804e-22  1.99315e-25  1.35755e-14  6.54277e-11  
1.46125e-23  1.78004e-19  6.54402e-17  3.15396e-28  7.95536e-21  1.79241e-11  4.32115e-33  6.66915e-26  3.56404e-28  1.92082e-26  2.98349e-34  8.05322e-11  5.96509e-22  7.79232e-25  8.04801e-15  1.19066e-10  
4.00749e-18  1.21549e-15  3.03195e-12  2.39823e-24  1.57094e-19  3.31049e-11  2.26913e-33  1.97523e-20  2.99867e-20  1.30088e-25  1.1376e-36  1.53589e-08  2.0771e-19  1.45594e-26  1.53683e-13  3.09835e-10  
2.10345e-16  6.77077e-14  1.08491e-10  1.41903e-23  9.23861e-20  6.17263e-12  4.23478e-35  2.83353e-20  6.34713e-19  1.46551e-27  2.69983e-40  3.73858e-08  2.36612e-19  4.82111e-29  5.11464e-13  1.26921e-10  
4.07119e-16  3.70985e-13  6.61867e-11  1.8446e-22  2.32908e-19  2.59907e-13  1.1705e-32  8.52898e-21  2.78564e-20  2.74299e-27  1.2588e-39  1.14435e-08  3.29421e-20  1.78327e-29  4.52785e-13  7.96831e-11  
1.65709e-15  1.05338e-12  4.34701e-11  2.99956e-20  2.28247e-18  1.22357e-14  1.43729e-29  1.29512e-21  2.31649e-20  5.56866e-26  3.7335e-38  3.74128e-09  2.14499e-20  3.56098e-29  1.28236e-13  3.88229e-11  
1.49272e-14  1.07513e-12  7.19046e-10  2.89907e-20  7.03434e-19  4.95116e-14  2.41429e-32  8.58845e-22  1.92189e-19  1.325e-27  4.62522e-41  6.80533e-09  2.93978e-19  4.75115e-30  3.68625e-13  1.13512e-11  
7.81354e-12  1.98297e-10  2.93275e-08  1.59119e-19  1.94445e-17  1.12229e-16  8.40164e-33  6.72106e-18  4.2812e-15  9.81069e-27  2.25756e-40  1.76169e-09  2.74095e-17  3.43132e-29  8.13088e-14  4.93902e-12  
1.12491e-11  5.22565e-10  2.85749e-08  2.83956e-18  5.01046e-17  6.45802e-17  6.77208e-29  2.79779e-17  6.54491e-17  2.71252e-25  1.10353e-38  1.49461e-09  3.71282e-17  1.4901e-28  1.70248e-13  4.54255e-12  
2.31133e-11  1.59249e-08  6.2791e-09  5.37033e-20  1.65343e-15  9.27342e-19  7.17052e-30  5.45816e-14  1.57116e-15  1.06615e-24  4.69588e-36  1.275e-11  6.73486e-15  1.89365e-25  3.04787e-14  3.20928e-12  
1.55656e-11  4.78047e-10  2.84042e-09  1.1308e-16  1.14671e-15  1.27109e-19  4.59957e-26  4.58569e-18  1.77305e-18  7.65708e-24  2.85473e-36  1.70495e-11  1.79586e-17  3.14747e-27  3.10384e-15  5.04229e-13  
8.37464e-10  3.02068e-10  2.37321e-08  5.89535e-18  1.32504e-16  1.40896e-19  1.09786e-29  5.67822e-12  1.47126e-14  2.5124e-24  2.79013e-38  5.78726e-11  4.00449e-14  5.3988e-28  2.26423e-12  7.45194e-13  
5.14248e-11  4.1439e-11  1.06728e-08  4.44843e-19  1.05695e-16  1.25215e-20  2.72857e-30  1.83104e-14  1.23307e-15  1.65871e-24  6.60038e-38  1.50758e-11  8.49285e-16  1.52061e-28  1.21876e-14  2.5072e-13  
5.6039e-11  4.17789e-12  1.92151e-09  1.37474e-19  6.14192e-17  1.58268e-22  3.29298e-32  4.17446e-14  1.31638e-15  7.82884e-25  8.59113e-39  1.07852e-12  1.6091e-15  4.96541e-29  3.17038e-14  1.19291e-13  
3.20309e-14  8.2206e-16  8.97345e-12  1.46512e-23  9.36007e-20  4.50552e-24  5.87801e-39  2.20223e-18  1.62883e-21  2.03921e-28  5.5357e-44  1.38211e-14  7.33785e-19  6.88501e-32  4.24601e-16  1.05952e-14  
1.28938e-15  3.42914e-18  2.57111e-13  2.86764e-23  1.93967e-20  2.6222e-25  3.91311e-39  8.73235e-21  8.55577e-23  5.82292e-28  5.04242e-44  4.80984e-16  7.588e-21  1.10724e-32  2.8859e-17  4.27939e-15  
6.76151e-13  1.4798e-15  3.84739e-10  1.84204e-22  1.18678e-19  4.55005e-24  7.15513e-41  9.47082e-18  4.74699e-18  2.52096e-28  1.14754e-45  1.04032e-14  4.75243e-18  4.24106e-32  5.39839e-14  1.32465e-14  
9.90544e-12  8.89471e-16  3.77176e-09  2.31464e-23  6.02034e-22  1.17206e-21  1.92222e-44  5.85838e-16  4.10913e-16  7.8587e-31  4.6825e-51  3.32415e-13  4.42556e-17  5.8689e-34  2.5163e-11  1.67077e-14  
4.2562e-12  4.00487e-16  1.44371e-09  2.09868e-22  1.16482e-21  2.47807e-22  2.19778e-43  7.42525e-17  3.94218e-17  6.19455e-30  3.78257e-50  4.12908e-14  4.60046e-18  3.24665e-33  5.53939e-11  2.0215e-14  
3.80794e-15  2.34336e-17  1.14583e-09  3.57892e-27  7.04845e-26  3.68023e-20  1.34037e-50  2.03269e-20  1.26028e-19  5.87066e-35  3.02575e-58  5.62705e-13  4.18232e-21  5.19728e-36  2.18286e-12  8.83636e-15  
6.8817e-14  5.5622e-17  1.02286e-09  3.70182e-25  6.06038e-24  6.15586e-18  7.86151e-48  5.24735e-18  8.74525e-17  1.76094e-32  1.07771e-53  3.42534e-12  9.52791e-20  5.70351e-34  1.66434e-11  1.57052e-13  
1.10761e-15  1.35768e-18  1.10707e-10  3.08016e-27  7.54567e-26  3.02666e-16  1.50129e-50  1.53553e-19  5.18217e-18  2.17901e-34  7.7084e-56  8.39924e-12  1.46479e-21  3.89348e-35  6.04012e-12  2.66942e-13  
6.97647e-14  2.28528e-16  2.55189e-09  3.26571e-24  2.88386e-23  7.30976e-16  4.30293e-45  4.26728e-18  1.86279e-15  6.93926e-31  4.88458e-51  5.58973e-11  2.31376e-19  2.51875e-32  1.49292e-11  1.17503e-12  
2.69105e-15  2.57824e-17  3.39813e-10  2.07013e-26  2.9601e-25  1.08521e-14  6.86089e-47  1.80148e-18  2.72567e-17  5.75297e-33  1.23978e-53  1.23098e-10  1.86795e-20  1.8993e-33  1.10898e-11  1.19505e-12  
1.4147e-13  1.45559e-16  1.19865e-09  2.27413e-25  8.04461e-24  2.5613e-16  1.12741e-47  2.35968e-17  1.93481e-14  4.58319e-32  4.36188e-52  3.7475e-11  6.9269e-19  2.10175e-32  8.92692e-12  8.19555e-13  
2.79984e-14  1.0674e-16  1.12371e-09  1.14082e-25  7.87348e-24  1.14882e-13  3.24001e-46  2.09846e-17  3.00421e-14  3.61246e-31  1.97001e-50  7.39207e-10  8.80526e-19  6.0389e-31  7.09139e-12  6.80553e-12  
1.73481e-14  5.17952e-17  9.60622e-10  7.11135e-26  6.21399e-24  8.49868e-14  1.01234e-46  4.59296e-18  1.96495e-14  3.89218e-31  2.72663e-50  4.03035e-10  4.61919e-19  8.04272e-31  5.65804e-12  5.89086e-12  
1.55581e-15  1.92055e-17  3.26705e-10  1.17772e-26  3.13396e-24  1.44433e-12  2.06813e-46  6.41874e-19  8.87709e-15  5.70297e-31  1.62422e-49  7.72386e-10  1.95985e-19  9.61142e-30  1.65908e-12  1.43577e-11  
2.8509e-18  3.85956e-19  8.64381e-12  7.68864e-28  4.86666e-24  1.67736e-10  1.3204e-45  5.77846e-21  1.46124e-17  1.52634e-30  2.27685e-47  4.39242e-10  6.34739e-21  7.37106e-29  8.33007e-13  5.87354e-11  
1.00735e-22  1.5841e-21  6.30869e-16  3.16463e-35  7.67105e-26  1.08931e-08  4.75387e-50  7.58145e-22  9.55556e-25  1.05871e-31  1.22351e-46  2.60398e-11  2.25652e-19  2.20386e-23  4.36259e-13  4.94284e-10  
3.09255e-21  1.26457e-20  3.41562e-15  2.17292e-35  6.43687e-27  2.42291e-10  4.20978e-52  3.89861e-21  9.52339e-25  9.00134e-33  5.67676e-49  1.12923e-11  1.65363e-19  4.27029e-24  4.58161e-13  1.60817e-10  
8.08314e-22  1.0495e-20  6.31207e-15  1.13979e-34  4.30481e-26  3.01544e-09  6.26384e-50  2.50584e-22  6.28924e-24  1.31773e-31  9.25394e-47  2.04976e-11  4.53151e-20  3.45126e-23  1.5011e-13  4.98278e-10  
1.61177e-22  2.47286e-21  8.02005e-15  5.05804e-34  6.48591e-26  2.54691e-09  2.12678e-50  8.76287e-24  2.19179e-23  7.69524e-32  3.15802e-47  4.1046e-12  2.7555e-21  5.96646e-24  8.25919e-14  3.76641e-10  
1.63874e-25  3.42635e-22  3.28717e-15  4.83685e-35  1.00592e-25  2.88266e-09  2.53121e-51  7.97651e-28  8.93797e-27  2.39921e-32  1.93403e-47  4.79338e-13  1.69472e-23  7.69945e-25  1.0647e-14  1.44453e-10  
1.15859e-27  1.16803e-25  1.00459e-17  2.22345e-38  3.03306e-28  1.79075e-09  2.84698e-56  3.50155e-30  3.91937e-28  1.96345e-35  1.6883e-50  2.50348e-14  3.215e-24  1.9727e-25  2.36396e-15  3.44657e-11  
5.80329e-29  5.22892e-26  2.58048e-18  5.92108e-39  4.43913e-28  2.44481e-09  7.59439e-55  4.83399e-30  4.52237e-29  1.15525e-34  6.35035e-50  6.82773e-15  1.17438e-24  3.71054e-25  6.47975e-16  3.05721e-11  
1.58965e-31  2.00275e-28  1.64398e-20  4.71233e-42  5.14583e-29  8.85412e-10  4.22621e-58  1.43289e-31  1.81599e-31  7.47803e-36  2.50412e-49  4.15208e-16  1.32542e-26  6.65413e-24  2.44955e-17  2.06967e-11  
2.96579e-32  1.09561e-27  5.01231e-21  1.06123e-41  3.75926e-28  1.64017e-09  7.40921e-54  3.38952e-31  7.68477e-35  4.789e-34  4.91025e-47  1.92888e-16  1.63506e-26  6.01627e-23  4.61831e-17  3.57844e-11  
2.8688e-31  1.14918e-27  7.84813e-22  1.85409e-40  3.53803e-27  9.65094e-10  9.18621e-51  4.45158e-31  6.15447e-34  3.01745e-32  7.88991e-43  9.96645e-17  3.0336e-25  1.65001e-20  4.80908e-17  1.84153e-10  
