-0.628631	0.477529	1.191775	0.432948	1.090221	0.812424	1.663112	1.381618	1.421576	1.208795	1.338750	1.482652	1.098370	0.765296	0.866789	1.316079	0.897191	0.727914	0.710985	0.406404	0.442708	0.016717	
-0.545962	0.471707	1.157128	0.420924	1.059444	0.729442	1.606353	1.377393	1.409430	1.235283	1.324490	1.444388	1.038435	0.691468	0.827983	1.254575	0.812174	0.726707	0.598827	0.202036	0.319579	-0.075772	
-0.851350	0.457832	1.121987	0.384599	1.032737	0.687038	1.563298	1.352678	1.415154	1.241068	1.299912	1.372656	0.983809	0.723701	0.721804	1.109962	0.824933	0.720673	0.521126	0.273604	0.258757	-0.018689	
-0.465907	0.450768	1.079894	0.363484	1.010521	0.692732	1.517661	1.355386	1.382932	1.198317	1.270628	1.322617	1.015254	0.777066	0.819844	1.174898	0.831974	0.711888	0.560314	0.386116	0.387349	0.010347	
-0.875983	0.420232	1.030385	0.312184	0.986903	0.624124	1.442408	1.361769	1.376520	1.175955	1.277298	1.241047	0.947942	0.707330	0.838448	1.123533	0.785949	0.627750	0.527471	0.288838	0.280759	0.004584	
-0.730138	0.387355	0.982977	0.267983	0.976464	0.618564	1.386791	1.353329	1.397903	1.179403	1.331790	1.356935	0.908552	0.651292	0.647660	0.962310	0.709283	0.683634	0.544353	0.214465	0.365195	-0.044321	
-0.932744	0.395206	0.946803	0.266683	0.962280	0.609692	1.339916	1.336851	1.371951	1.184550	1.360011	1.395828	0.921622	0.621666	0.558032	0.859026	0.602903	0.606998	0.489183	0.037581	0.333648	-0.079196	
-0.789429	0.366743	0.907435	0.267232	0.943368	0.573413	1.263140	1.358677	1.312032	1.183222	1.333710	1.342013	0.871521	0.638117	0.620414	0.927225	0.703455	0.582918	0.520063	0.048517	0.288254	0.005989	
-0.814009	0.345437	0.863508	0.200141	0.906353	0.511665	1.150936	1.340290	1.250872	1.127124	1.279005	1.304191	0.838037	0.574606	0.614450	0.967928	0.694285	0.562928	0.541464	0.036781	0.272131	0.001321	
-0.934605	0.343172	0.840416	0.195016	0.883567	0.455850	1.059198	1.273550	1.224768	1.056626	1.295426	1.304908	0.850906	0.548623	0.642542	0.884482	0.615086	0.547737	0.485759	0.065984	0.200445	-0.063742	
-0.924866	0.327671	0.821189	0.187728	0.879633	0.456052	1.026611	1.323351	1.248027	1.045749	1.288463	1.311307	0.907465	0.533054	0.557251	0.813033	0.573045	0.517188	0.446709	0.102007	0.225154	0.003150	
-0.813766	0.321608	0.808263	0.200807	0.861334	0.436900	0.965728	1.266078	1.152663	0.957972	1.275036	1.323652	0.972093	0.561123	0.521563	0.875829	0.554274	0.404883	0.425209	0.224615	0.257614	-0.062107	
-1.017374	0.326620	0.796717	0.195232	0.831535	0.419860	0.952728	1.271327	1.164897	1.008641	1.332642	1.366965	0.973957	0.664656	0.590279	0.922256	0.602121	0.333765	0.296465	0.247973	0.259183	-0.165945	
-0.844720	0.330294	0.783239	0.206293	0.815263	0.403711	0.950829	1.320122	1.224472	0.982004	1.277793	1.309206	0.908217	0.615999	0.637590	1.022286	0.669155	0.327000	0.255914	0.256122	0.316462	-0.117615	
-0.736762	0.292120	0.764355	0.197091	0.813522	0.416895	0.905803	1.296089	1.149753	0.827018	1.276351	1.292443	0.876508	0.545327	0.522844	0.875369	0.587358	0.355737	0.335894	0.269738	0.186185	-0.127992	
-0.814749	0.299408	0.729970	0.176134	0.803930	0.379669	0.862846	1.296722	1.081603	0.836633	1.224513	1.249470	0.857101	0.463461	0.494060	0.810990	0.471975	0.344016	0.352000	0.166297	0.214900	-0.020153	
-1.128891	0.291717	0.717385	0.173041	0.798332	0.366450	0.853041	1.367746	1.105509	0.911406	1.259458	1.279225	0.883019	0.600918	0.618418	0.883557	0.507790	0.389976	0.288297	0.114840	0.253994	-0.002284	
-0.978731	0.298179	0.695626	0.180743	0.781673	0.347566	0.816881	1.384998	1.168360	0.931689	1.212555	1.270974	0.954752	0.632449	0.562133	0.799962	0.456741	0.434251	0.313896	0.032416	0.178444	-0.056760	
-1.275830	0.273732	0.660739	0.156389	0.769016	0.348201	0.769559	1.368977	1.136523	0.948119	1.216374	1.283031	0.917197	0.596236	0.488731	0.776850	0.422722	0.447637	0.322055	0.065478	0.151862	-0.038996	
-1.054213	0.274392	0.630320	0.192198	0.746790	0.343350	0.752141	1.396850	1.112455	0.962258	1.181512	1.248667	0.865152	0.546188	0.432804	0.731775	0.369830	0.334581	0.218678	0.142107	0.264531	0.032188	
-0.751973	0.262944	0.619528	0.168684	0.726092	0.333066	0.745174	1.404428	1.101648	0.924431	1.149412	1.213948	0.846376	0.397178	0.300365	0.717192	0.350763	0.303120	0.212081	0.072696	0.044261	-0.111989	
-1.033214	0.254925	0.604616	0.204606	0.712804	0.344641	0.762463	1.410251	1.119193	0.938396	1.095228	1.140862	0.790732	0.496891	0.463334	0.873354	0.400631	0.317176	0.288238	0.118706	-0.004323	-0.146685	
-1.017634	0.253346	0.577316	0.182638	0.692431	0.370786	0.734811	1.423255	1.075586	0.946659	1.098343	1.175602	0.750257	0.480978	0.390645	0.858104	0.443433	0.359290	0.367562	0.085359	-0.020056	-0.102900	
-1.112885	0.227581	0.539351	0.202082	0.688508	0.394651	0.760886	1.443769	1.052145	0.911322	1.147618	1.196693	0.729184	0.522015	0.466881	0.907089	0.470706	0.344647	0.369504	0.110644	-0.119738	-0.043209	
-0.883498	0.231568	0.509181	0.216276	0.659646	0.398786	0.771304	1.463133	1.021404	0.885905	1.154168	1.128120	0.635357	0.500224	0.506625	0.916361	0.516704	0.332503	0.316960	0.102438	-0.254584	-0.057869	
-1.011900	0.206332	0.473666	0.231161	0.657112	0.433575	0.802718	1.453312	0.994874	0.826495	1.098787	0.994825	0.479603	0.420255	0.413660	0.708581	0.495103	0.281006	0.339546	-0.077620	-0.398130	-0.127030	
-1.248339	0.172134	0.446835	0.227478	0.670254	0.516346	0.847601	1.416082	0.921594	0.747173	1.007651	0.949523	0.457146	0.354710	0.216780	0.470312	0.390290	0.185607	0.356176	-0.080456	-0.167611	-0.004666	
-0.983260	0.172497	0.438259	0.237918	0.661354	0.577498	0.847809	1.331654	0.803496	0.607268	0.884888	0.883347	0.464036	0.348042	0.148667	0.533798	0.353988	0.144815	0.294639	-0.070847	-0.111150	0.021051	
-1.222548	0.167936	0.443781	0.243011	0.675756	0.642964	0.863049	1.196068	0.658417	0.485745	0.803795	0.801545	0.354362	0.292983	0.152868	0.607765	0.401717	0.071599	0.225068	-0.195105	-0.326016	-0.203111	
-1.183173	0.173105	0.443416	0.275801	0.688797	0.705389	0.820616	1.033039	0.552642	0.364936	0.706957	0.747232	0.278488	0.188166	0.115006	0.494802	0.220313	-0.096293	0.041251	-0.157299	-0.481756	-0.476486	
-1.264118	0.143374	0.445844	0.346312	0.696851	0.687291	0.741322	0.838714	0.325469	0.178442	0.498296	0.551765	0.146171	0.054263	0.016250	0.377738	0.018862	-0.161041	-0.138781	-0.265657	-0.550394	-0.633393	
-1.020382	0.094148	0.381361	0.360698	0.602973	0.530908	0.522961	0.575210	0.090999	-0.059054	0.358225	0.372298	-0.024768	-0.092158	-0.193997	0.089577	-0.149402	-0.287688	-0.300918	-0.355815	-0.607295	-0.693089	
-1.251080	-0.020034	0.176787	0.267658	0.305901	0.252353	0.282066	0.225143	-0.058270	-0.212367	0.103584	0.208730	-0.036842	-0.220512	-0.174164	-0.072398	-0.112668	-0.186774	-0.045776	0.100671	-0.249805	-0.439992	
-1.085676	-0.262521	0.141886	-0.100042	-0.103611	0.215297	0.212896	0.003082	-0.065848	-0.286988	-0.026925	0.192683	0.018485	-0.239162	-0.169673	-0.065657	-0.071446	-0.122051	0.022035	0.197662	-0.174113	-0.400330	
-1.431205	-0.706751	-0.009977	-0.379401	-0.133072	-0.175928	-0.249769	-0.386502	-0.358562	-0.519946	-0.429700	-0.131982	-0.363197	-0.597944	-0.587981	-0.459844	-0.468269	-0.404690	-0.369600	-0.192092	-0.463542	-0.691357	
-1.680747	-0.859324	-0.227344	-0.605278	-0.495728	-0.631193	-0.564777	-0.873543	-0.688189	-0.607185	-0.705179	-0.478964	-0.631907	-0.602423	-0.570122	-0.634340	-0.618936	-0.524606	-0.523280	-0.533895	-0.574772	-0.719994	
